g <- graph(n=70, c(35,59,35,36,35,30,35,61,35,58,35,57,35,37,35,54,35,9,35,14,35,53,35,31,35,16,34,64,34,68,61,35,61,51,61,39,61,13,61,62,61,48,11,60,11,26,11,5,11,18,11,8,11,31,14,15,14,26,14,18,14,5,14,54,14,1,62,7,62,39,62,16,62,61,62,15,62,18,62,4,56,61,56,35,56,57,56,51,56,13,29,26,29,25,29,31,29,28,17,61,17,35,17,9,17,48,33,64,33,69,33,70,68,64,68,34,40,41,40,42,40,43,40,46,40,49,40,53,40,50,4,62,4,18,4,35,4,7,4,16,59,37,59,54,59,57,59,58,59,67,59,36,59,30,59,6,59,16,59,35,59,31,59,53,26,8,26,31,26,28,26,1,26,11,26,16,26,14,26,66,26,25,26,65,26,29,26,32,26,5,26,19,20,19,30,53,30,35,30,16,30,31,30,59,30,58,30,37,30,54,30,57,30,36,30,64,30,69,46,50,46,53,46,43,46,2,46,3,46,40,46,49,46,42,46,41,60,66,60,5,60,11,60,67,55,8,55,54,52,13,52,38,52,51,52,57,52,45,5,6,5,26,5,14,5,12,5,60,5,11,36,35,36,16,36,31,36,10,36,53,36,58,36,37,36,54,36,57,36,30,36,67,36,6,36,59,37,16,37,35,37,31,37,53,37,57,37,54,37,58,37,30,37,36,37,59,47,57,47,36,47,38,2,40,2,53,2,41,2,43,2,46,67,28,67,36,67,16,67,18,67,59,67,6,67,66,31,26,31,59,31,36,31,30,31,54,31,37,31,57,31,58,31,66,31,53,31,25,31,28,31,16,31,35,65,26,3,50,3,14,3,53,3,40,3,46,3,43,9,17,9,7,9,51,9,35,69,30,69,64,69,33,69,70,45,52,45,53,45,38,28,6,28,26,28,29,28,65,28,67,28,25,28,15,28,66,28,14,28,16,28,31,27,19,27,25,57,37,57,54,57,58,57,30,57,36,57,59,57,52,57,16,57,35,57,31,57,38,57,47,57,53,21,24,21,27,21,22,21,19,21,23,58,53,58,31,58,35,58,16,58,59,58,36,58,30,58,57,58,37,58,54,42,43,42,46,42,41,42,53,42,50,42,40,42,17,39,62,39,4,39,9,39,16,39,7,39,67,18,67,18,16,18,6,18,15,18,62,25,65,25,29,25,32,25,26,25,19,25,28,25,1,25,31,25,27,25,66,25,14,53,30,53,36,53,41,53,50,53,2,53,31,53,46,53,59,53,49,53,40,53,58,53,57,53,37,53,54,53,43,53,35,53,3,53,16,6,36,6,28,6,67,6,17,6,5,6,18,6,59,19,26,19,23,19,32,19,21,19,20,19,25,19,1,19,27,49,43,49,46,49,40,49,50,49,53,66,67,66,31,66,60,66,26,10,36,10,16,10,35,10,6,10,15,10,59,16,1,16,31,16,18,16,53,16,17,16,36,16,30,16,67,16,39,16,4,16,62,16,28,16,35,16,10,16,58,16,7,16,37,16,57,16,54,16,59,54,30,54,36,54,37,54,57,54,58,54,59,54,52,54,55,54,12,54,8,54,31,54,16,54,35,54,53,54,14,13,56,13,57,13,51,13,35,13,61,13,9,13,17,7,16,7,9,7,4,7,15,7,62,8,54,8,51,8,11,8,12,8,55,8,26,1,16,1,15,1,26,1,14,1,32,1,25,1,19,50,43,50,46,50,53,50,17,50,42,50,41,50,49,50,40,23,24,23,21,23,22,23,19,38,52,38,45,38,57,15,62,15,59,15,6,15,36,15,67,15,17,15,18,15,14,15,16,15,1,15,28,51,62,51,48,51,52,51,9,51,56,51,61,51,13,43,53,43,50,43,46,43,2,43,3,43,5,43,40,43,49,43,41,43,42,64,69,64,30,64,68,64,34,64,33,41,67,41,43,41,46,41,2,41,40,41,53,41,50,48,35,48,61,48,54,48,51,48,17,32,26,32,25,32,19,32,1,22,23,22,24,22,21,12,5,12,55,12,8,12,51,12,54,24,19,24,23,24,21,24,27,24,22,70,69,70,33), directed=TRUE) ;

g$date <- "01-03-17" ; g$time <- "00:00:06" ;

g$link <- "http://tomir.ac.upc.edu/qmpsu/index.php?cap=58b600f3" ;

g$file <- "17-03-01_00-00-03-qmpnodes-gather-info-perl-openssh.log.gz" ;

E(g)$layer <- c(3,3,3,3,3,3,3,3,3,2,3,3,3,3,3,3,3,2,3,3,3,3,2,3,2,3,3,3,3,2,3,3,3,3,3,3,3,3,3,3,3,3,2,3,3,3,3,3,2,3,3,3,3,3,3,3,3,3,3,3,3,3,3,3,3,3,3,2,3,3,3,3,3,3,3,3,3,3,3,3,3,3,3,3,3,3,2,2,3,3,3,3,3,3,3,3,3,3,3,3,3,3,3,3,3,3,3,3,3,3,3,3,3,3,3,3,3,3,3,3,3,2,3,3,2,3,3,2,3,3,3,3,2,3,3,3,3,3,3,3,3,3,3,3,3,3,3,3,3,3,3,3,3,3,3,3,3,3,3,2,3,3,3,3,3,3,3,3,3,3,3,3,3,3,3,3,3,3,3,3,3,3,3,3,3,3,3,3,2,2,3,3,3,3,3,2,3,3,3,3,3,3,3,2,3,3,3,2,3,3,3,3,3,3,3,3,3,3,3,3,3,3,3,3,2,3,3,3,3,3,3,3,3,3,3,3,3,3,3,3,3,3,3,3,3,3,3,3,2,3,3,3,2,3,3,2,3,3,3,3,3,3,3,3,2,3,3,3,3,3,3,3,3,3,2,3,3,3,3,3,3,3,3,2,3,3,3,3,3,3,3,3,3,3,3,3,2,3,3,3,3,3,3,3,3,3,3,3,3,3,3,3,3,3,3,3,3,3,3,2,3,3,3,3,3,3,3,2,3,3,3,3,3,3,3,3,2,3,3,3,3,3,3,3,3,3,3,3,3,2,3,3,3,3,3,3,3,3,3,2,3,3,3,3,3,3,2,3,2,3,3,2,3,3,3,3,3,3,3,3,3,3,3,3,3,3,2,3,3,3,3,3,3,3,3,3,3,3,3,3,3,3,3,2,3,3,2,3,3,2,3,3,3,3,3,3,3,3,3,3,3,2,3,3,3,3,3,3,3,3,3,2,3,3,3,3,3,3,3,3,2,3,3,3,3,3,3,3,3,3,3,3,3,2,3,2,3,3,2,3,3,3) ;

E(g)$bw <- c(54.40,65.39,25.09,0.46,77.16,76.55,41.48,38.95,NA,NA,34.61,58.35,23.64,19.86,44.86,1.46,17.47,NA,1.15,90.27,0.38,0.19,NA,16.41,NA,NA,NA,86.13,27.65,NA,4.55,2.70,80.94,NA,31.73,29.85,89.00,NA,0.97,2.12,NA,NA,NA,34.45,NA,5.79,11.69,NA,NA,NA,NA,1.92,NA,NA,NA,NA,1.10,NA,NA,41.29,17.70,39.22,NA,2.93,22.68,1.09,NA,NA,32.29,29.26,80.60,45.53,74.74,85.48,NA,5.24,32.59,24.93,53.87,20.05,40.33,44.77,0.14,6.07,13.03,53.93,NA,NA,3.83,4.31,10.32,6.85,8.77,89.12,0.03,22.17,NA,39.88,37.93,10.44,50.00,36.22,39.82,47.69,21.82,45.50,39.24,8.24,2.92,24.89,24.06,8.78,2.03,0.69,37.84,9.23,10.33,0.00,0.49,10.84,0.40,NA,8.21,NA,NA,NA,78.87,NA,36.51,79.05,NA,12.29,NA,4.73,19.52,72.06,26.18,66.59,2.48,16.19,90.91,53.59,17.62,83.31,30.71,NA,26.33,9.65,27.75,33.47,41.65,29.52,66.73,43.48,62.45,33.42,58.96,60.46,19.41,NA,NA,NA,0.56,0.00,0.03,1.81,1.40,0.00,2.82,NA,NA,0.62,71.53,20.96,47.93,56.84,38.10,9.23,53.39,52.52,53.70,NA,25.02,4.80,1.72,18.13,60.65,6.53,NA,NA,4.50,NA,0.71,0.01,0.79,NA,0.12,NA,NA,NA,NA,NA,13.39,NA,17.70,2.08,13.91,NA,NA,3.31,7.92,4.98,NA,NA,8.43,0.57,12.51,0.66,70.36,55.71,86.03,31.04,87.23,91.12,NA,57.15,85.11,60.68,8.23,35.00,50.13,14.25,NA,17.18,3.13,15.50,45.17,39.12,50.10,29.90,88.87,83.88,35.03,79.24,95.63,57.44,0.25,5.11,NA,NA,0.04,43.95,NA,0.86,NA,NA,4.94,NA,NA,NA,21.48,0.15,33.49,2.13,NA,9.82,76.44,17.65,82.06,8.47,61.47,1.10,0.25,NA,NA,21.14,18.68,3.33,1.58,4.47,17.89,10.90,18.99,NA,4.21,29.26,16.23,17.31,73.89,2.36,23.23,4.97,14.16,26.63,2.41,NA,NA,79.01,2.37,32.43,89.89,NA,91.58,3.46,NA,0.32,79.39,4.98,0.82,1.84,NA,38.21,NA,86.02,0.09,1.73,5.74,2.10,NA,NA,NA,NA,NA,26.47,38.16,18.91,24.68,NA,2.19,28.02,3.24,17.46,19.84,37.95,21.17,31.59,NA,54.68,25.95,51.68,51.72,15.55,2.98,27.06,33.29,39.44,58.55,42.02,52.56,NA,NA,4.22,28.17,30.97,21.33,40.41,80.08,3.45,NA,NA,6.49,NA,1.59,NA,NA,21.83,NA,6.65,NA,NA,12.07,NA,NA,19.58,3.03,0.10,37.42,92.25,55.83,92.70,57.05,60.05,47.72,21.23,11.12,0.01,NA,0.53,0.00,40.88,11.53,22.01,16.73,24.28,NA,NA,21.30,26.71,NA,NA,NA,NA,NA,NA,31.87,86.32,NA,86.45,2.50,NA,NA,67.65,1.28,3.64,6.81,5.07,18.00,36.49,9.12,0.86,0.47,NA,24.61,2.55,0.00,5.70,11.33,7.25,3.58,NA,2.37,NA,0.02,0.59,0.20,NA,2.82,NA,NA,0.18,NA,NA,NA,78.18,86.27,92.61,61.06,18.26,23.68,17.65,NA,NA,15.02,NA,0.04,NA,19.30,11.99,NA,19.21,NA,NA) ;

E(g)$rtt <- c(2.489,0.613,4.510,15.460,3.072,2.288,0.706,4.233,NA,NA,6.182,1.838,11.691,2.543,1.626,5.352,169.465,NA,5.004,0.533,36.517,3.071,NA,3.319,NA,NA,NA,0.599,6.343,NA,1.497,4.460,0.458,NA,36.538,2.194,0.549,NA,4.032,6.971,NA,NA,NA,3.709,NA,2.736,1.389,NA,NA,NA,NA,11.760,NA,NA,NA,NA,5.184,2.050,NA,2.014,6.739,9.086,NA,28.629,11.625,12.168,NA,NA,1.600,2.041,1.498,3.003,0.667,0.643,480.157,323.615,6.518,619.795,2.426,1.690,4.655,4.030,51.361,7.608,80.567,7.142,NA,NA,3.758,2.315,5.601,7.762,4.809,2.069,653.487,0.654,2.548,7.531,4.049,7.547,9.705,5.482,6.713,3.269,13.446,3.961,3.829,3.688,5.651,3.939,2.644,3.161,9.266,3.898,2.018,4.731,4.283,24.132,7.189,18.667,54.561,NA,2.687,NA,NA,NA,0.627,NA,16.163,0.579,NA,23.941,NA,3.128,3.069,0.539,41.496,3.802,295.610,5.121,2.903,0.575,79.921,2.602,6.858,NA,6.267,2.554,6.053,1.745,2.710,3.846,2.762,4.827,2.409,4.804,0.807,1.944,2.782,NA,NA,NA,44.979,37.324,12.142,4.724,2.155,1751.662,3.330,NA,NA,10.285,0.563,2.047,5.239,3.426,1.663,6.802,3.904,3.031,6.871,11.114,586.441,4.564,4.782,6.228,2.302,10.383,NA,NA,55.741,NA,13.237,18.386,3.827,NA,8.961,NA,3.242,1.679,19.718,1.822,2.072,NA,5.108,3.557,4.563,NA,NA,2.166,7.073,4.234,NA,NA,1.452,8.160,1.711,366.627,1.492,4.855,0.779,5.119,2.308,0.662,NA,3.165,1.845,6.576,5.743,2.065,9.385,2.012,NA,1.710,2.340,1.511,4.027,4.145,2.607,21.763,0.633,2.384,8.887,0.613,2.378,3.833,5.176,6.666,NA,NA,39.617,1.455,NA,6.965,NA,NA,6.711,NA,NA,NA,2.801,5.014,2.908,2.203,NA,1.311,0.909,5.389,0.766,2.756,9.156,4.148,102.892,NA,NA,6.092,2.466,114.512,262.361,246.523,4.295,78.798,5.729,NA,80.384,5.522,4.436,2.131,0.662,26.140,6.650,114.394,6.253,3.134,3.385,40.228,NA,0.609,1000.013,4.457,0.678,NA,0.434,2.369,1.838,5.710,5.314,1.760,1020.990,18.359,NA,31.119,NA,0.526,94.947,45.543,4.180,24.146,NA,NA,NA,NA,NA,8.164,4.184,4.150,9.759,NA,16.383,8.457,132.574,3.486,1.742,1.982,4.792,5.707,NA,1.763,1.746,2.471,1.939,5.347,9.244,8.111,5.570,2.024,5.393,10.288,8.215,NA,NA,5.993,2.042,4.640,7.513,4.991,0.949,49.655,NA,NA,13.485,NA,3.445,NA,NA,3.227,NA,1.357,NA,NA,29.013,NA,NA,5.056,24.555,6.001,3.593,0.627,4.406,0.638,6.983,5.405,4.279,13.382,2.503,59.333,NA,367.730,219.413,7.601,11.859,1.307,4.511,2.398,NA,137.628,6.944,4.373,NA,NA,NA,NA,NA,NA,1.974,0.589,NA,0.435,3.691,NA,NA,0.644,2.726,10.950,3.086,146.925,1.348,2.309,41.259,4.537,9.986,NA,3.686,2.116,33.713,2.057,2.334,4.235,7.587,2.481,3.612,NA,53.005,842.481,13.811,NA,12.964,NA,NA,724.061,NA,NA,NA,1.076,0.512,0.472,7.052,1.714,1.691,5.992,NA,NA,11.833,NA,40.126,NA,2.754,2.746,NA,1.937,3.770,2.962) ;

E(g)$rxRate <- c(100,100,97,29,100,100,100,100,12,NA,100,100,100,97,100,83,97,NA,81,100,50,62,NA,95,NA,10,43,100,95,NA,100,85,100,58,97,100,100,58,68,72,60,66,NA,97,35,100,100,89,NA,79,41,45,6,97,95,97,100,100,10,91,100,100,2,93,91,87,5,NA,100,97,100,100,100,100,6,100,100,100,100,100,100,100,47,91,97,75,NA,NA,79,93,100,83,91,100,47,100,97,100,100,100,100,100,100,100,100,100,100,70,8,95,95,97,70,72,95,83,72,89,60,70,50,NA,95,87,NA,75,100,NA,89,100,3,100,NA,97,100,100,100,100,50,100,100,100,100,100,100,0,95,83,100,100,100,100,100,100,100,100,100,100,100,NA,100,81,89,85,87,77,75,54,81,16,66,68,100,93,100,100,100,100,100,100,100,77,100,64,64,100,100,95,NA,NA,97,70,79,77,85,NA,95,91,91,91,77,81,100,NA,97,81,95,NA,70,89,97,83,85,22,93,95,100,87,100,100,100,100,100,100,NA,100,100,100,97,95,100,97,89,95,97,95,100,100,100,100,100,100,100,100,100,100,100,100,NA,100,100,100,NA,97,66,NA,100,66,64,62,97,79,93,95,NA,97,100,100,100,100,87,100,64,100,NA,100,100,93,33,60,100,97,100,NA,77,100,100,100,100,91,100,81,100,100,87,87,NA,100,54,91,100,16,100,95,100,87,97,100,97,93,85,97,93,100,50,64,91,91,89,NA,83,41,87,100,100,93,100,NA,95,100,81,93,95,97,91,100,NA,100,97,100,100,100,89,100,100,100,100,100,100,NA,6,29,100,100,100,100,100,37,83,NA,91,87,100,60,47,100,NA,100,NA,58,100,NA,54,93,83,58,100,100,100,100,100,100,100,91,100,83,NA,35,75,97,91,95,100,91,37,56,95,97,3,93,43,79,3,NA,97,100,NA,100,89,NA,8,100,64,97,97,81,95,97,95,39,43,NA,97,50,62,47,91,93,64,87,75,NA,18,25,14,16,85,22,64,87,NA,19,47,100,100,100,93,100,100,89,83,9,93,NA,93,NA,91,93,NA,100,100,97) ;

E(g)$txRate <- c(100,100,100,88,100,100,100,100,97,NA,100,100,100,87,100,62,95,NA,95,100,93,55,NA,93,NA,29,0,100,93,NA,93,49,100,68,100,95,100,0,93,87,0,0,NA,95,82,76,91,0,NA,0,0,62,30,66,81,100,68,97,29,100,95,95,61,81,93,74,0,NA,100,100,100,100,100,100,87,91,100,95,100,100,100,100,37,95,93,100,NA,NA,100,95,95,97,95,100,40,100,97,100,100,100,100,100,100,100,100,100,100,78,72,100,91,100,82,62,100,97,100,14,58,93,74,NA,74,0,NA,11,100,NA,100,100,0,97,NA,68,93,100,100,100,85,100,100,100,100,100,100,0,100,97,100,100,100,100,100,100,100,100,100,100,91,NA,0,0,85,37,45,81,91,3,87,40,7,87,100,97,100,100,100,100,100,100,100,70,100,97,97,100,100,91,NA,NA,78,0,58,40,59,NA,70,18,64,82,100,100,85,NA,97,91,100,NA,0,88,100,100,0,0,91,53,100,66,100,100,100,100,100,100,NA,100,100,100,93,100,100,100,0,100,97,100,100,100,100,100,100,100,100,100,100,100,43,59,NA,0,30,95,NA,95,0,NA,70,0,0,55,100,70,97,88,NA,100,100,97,100,93,100,72,74,0,NA,100,100,85,91,93,100,91,100,NA,93,100,100,100,100,95,100,95,100,100,81,37,NA,100,91,100,100,45,100,100,95,0,100,100,43,51,0,97,0,100,82,18,81,59,0,NA,0,0,0,100,100,93,100,NA,76,100,93,100,100,100,82,100,NA,100,100,100,100,100,76,100,100,100,100,100,100,NA,53,62,100,100,100,100,100,45,20,NA,88,0,81,0,0,97,NA,100,NA,72,100,NA,16,97,95,43,100,100,82,100,82,82,82,97,78,20,NA,95,11,93,91,100,97,91,7,64,100,100,26,0,0,0,0,NA,93,100,NA,100,81,NA,22,100,91,97,97,100,88,93,87,78,74,NA,87,93,29,88,88,95,97,97,95,NA,43,81,81,7,87,74,0,24,NA,2,12,100,100,100,100,97,100,82,20,0,85,NA,29,NA,87,95,NA,100,91,97) ;

E(g)$metric <- c(999e6,999e6,989e6,53477e3,999e6,999e6,999e6,999e6,28835e3,NA,999e6,999e6,999e6,48432e3,56000e3,54525e3,52795e3,NA,48093e3,999e6,37103e3,32968e3,NA,51367e3,NA,29861e3,37388e3,999e6,664e6,NA,52472e3,576e6,999e6,37770e3,56000e3,53354e3,999e6,53202e3,46206e3,41794e3,37929e3,30707e3,NA,52795e3,36821e3,51083e3,51149e3,50945e3,NA,18000e3,16994e3,22687e3,16094e3,NA,NA,NA,38362e3,54677e3,29946e3,53616e3,52472e3,52472e3,37579e3,43484e3,50806e3,41975e3,38865e3,NA,56000e3,55413e3,999e6,999e6,999e6,999e6,48234e3,999e6,999e6,55574e3,999e6,999e6,999e6,999e6,50331e3,552e6,51923e3,889e6,NA,NA,666e6,51660e3,999e6,49285e3,55574e3,999e6,49283e3,999e6,54104e3,999e6,999e6,999e6,999e6,999e6,999e6,999e6,999e6,999e6,999e6,38389e3,28021e3,55413e3,50072e3,55413e3,38966e3,36551e3,54821e3,49913e3,47131e3,35124e3,30412e3,44162e3,33776e3,NA,41007e3,32300e3,NA,38005e3,999e6,NA,53003e3,999e6,54525e3,54525e3,NA,35778e3,52472e3,100e6,100e6,100e6,35323e3,100e6,100e6,100e6,100e6,100e6,100e6,44205e3,54821e3,100e6,999e6,999e6,999e6,999e6,999e6,999e6,999e6,999e6,999e6,999e6,52472e3,NA,37088e3,32592e3,42484e3,30576e3,32741e3,39233e3,44296e3,42334e3,42372e3,33210e3,42334e3,39333e3,999e6,576e6,999e6,999e6,999e6,999e6,999e6,999e6,999e6,50331e3,999e6,576e6,49283e3,999e6,999e6,50614e3,NA,NA,43632e3,33522e3,33258e3,34067e3,30592e3,NA,37998e3,26925e3,30688e3,46325e3,49166e3,51120e3,49826e3,NA,54104e3,46105e3,55329e3,NA,36825e3,47705e3,55413e3,55225e3,47652e3,55225e3,55234e3,55138e3,56000e3,55913e3,999e6,999e6,999e6,999e6,999e6,999e6,NA,999e6,999e6,999e6,52795e3,55413e3,999e6,54821e3,37721e3,53616e3,51367e3,54221e3,999e6,999e6,999e6,999e6,999e6,999e6,999e6,999e6,999e6,999e6,37009e3,36611e3,NA,35346e3,37009e3,53354e3,NA,50614e3,31852e3,NA,38362e3,31187e3,30024e3,37257e3,55413e3,39239e3,55243e3,48777e3,NA,55413e3,999e6,999e6,999e6,55574e3,924e6,562e6,46137e3,53477e3,NA,999e6,999e6,46110e3,37278e3,39066e3,999e6,50072e3,999e6,NA,46687e3,999e6,999e6,999e6,999e6,50499e3,999e6,48093e3,999e6,56000e3,46325e3,36695e3,NA,999e6,38585e3,53616e3,999e6,39385e3,999e6,55413e3,54677e3,999e6,989e6,56000e3,38766e3,32084e3,34637e3,54104e3,30958e3,999e6,46137e3,24641e3,46137e3,32447e3,32736e3,NA,28327e3,32662e3,30882e3,999e6,999e6,50806e3,999e6,NA,999e6,999e6,48234e3,52349e3,54221e3,55413e3,51380e3,999e6,NA,999e6,55413e3,999e6,999e6,999e6,999e6,999e6,999e6,999e6,999e6,999e6,999e6,NA,37075e3,36546e3,54821e3,999e6,999e6,999e6,999e6,576e6,35825e3,NA,47705e3,34286e3,44094e3,31679e3,21809e3,54677e3,NA,56000e3,NA,38975e3,53354e3,NA,29642e3,52941e3,48705e3,53108e3,999e6,999e6,811e6,999e6,826e6,826e6,826e6,51751e3,44094e3,33888e3,NA,36116e3,26757e3,51367e3,48972e3,54821e3,54677e3,48972e3,32202e3,37890e3,54821e3,56000e3,52428e3,576e6,51380e3,576e6,46137e3,NA,51923e3,999e6,NA,999e6,52428e3,NA,30372e3,999e6,41105e3,54104e3,53526e3,51120e3,47914e3,52472e3,47914e3,29135e3,35685e3,NA,48432e3,39354e3,31802e3,35959e3,47705e3,51083e3,42499e3,51751e3,47351e3,NA,31260e3,32394e3,29208e3,30309e3,44680e3,26427e3,14735e3,15441e3,NA,12448e3,11361e3,999e6,999e6,999e6,968e6,54677e3,56000e3,43821e3,29016e3,34475e3,48244e3,NA,34503e3,NA,45594e3,51660e3,NA,54677e3,48945e3,54104e3) ;

E(g)$channel <- c(NA,NA,NA,108,NA,NA,NA,NA,108,108,NA,NA,NA,60,60,108,108,108,108,NA,108,100,100,100,100,100,100,NA,100,100,100,100,NA,60,60,60,NA,60,60,60,108,108,108,108,108,100,100,100,100,108,108,108,108,NA,NA,NA,60,60,112,112,112,112,112,112,112,60,60,60,60,60,NA,NA,NA,NA,60,60,NA,60,NA,NA,NA,NA,100,100,100,NA,100,100,100,100,100,100,100,NA,100,NA,1,NA,NA,NA,NA,NA,NA,NA,NA,NA,NA,60,60,112,112,112,112,112,112,112,112,112,100,100,100,100,100,100,52,52,NA,52,52,NA,100,100,100,100,100,NA,NA,NA,60,NA,NA,NA,NA,NA,NA,60,60,60,NA,NA,NA,NA,NA,NA,NA,NA,NA,NA,52,52,52,112,112,112,112,112,60,60,60,60,60,60,NA,100,NA,NA,NA,NA,NA,NA,NA,100,NA,100,100,NA,NA,100,112,112,112,112,112,112,108,108,108,108,60,60,60,60,52,52,52,60,100,100,100,60,100,60,100,100,60,100,136,136,NA,NA,NA,NA,NA,NA,52,NA,NA,NA,52,52,NA,136,136,136,136,136,NA,NA,NA,NA,NA,NA,NA,NA,NA,NA,112,112,112,112,112,112,112,60,60,60,60,60,60,60,60,60,60,60,100,100,NA,100,NA,100,NA,100,136,100,100,NA,NA,112,112,112,NA,112,NA,112,112,NA,NA,NA,NA,112,NA,112,NA,60,60,60,60,NA,60,60,NA,136,NA,136,1,136,NA,136,112,112,112,112,112,NA,100,100,100,60,60,60,60,60,60,NA,NA,60,NA,60,60,NA,60,60,60,60,60,NA,60,NA,60,NA,NA,NA,60,NA,NA,NA,NA,NA,NA,100,100,100,100,NA,NA,NA,NA,100,108,108,108,108,108,108,108,60,60,60,60,60,100,100,100,100,100,100,NA,NA,NA,NA,NA,NA,NA,112,112,112,112,112,112,112,112,136,136,136,136,52,52,52,60,60,60,60,60,60,60,NA,60,NA,60,108,108,NA,108,108,108,108,112,112,112,112,112,112,112,112,112,112,60,60,60,60,60,112,112,112,112,112,112,112,108,108,108,108,108,NA,NA,NA,NA,136,136,136,100,100,100,100,100,136,136,136,136,136,60,60) ;

E(g)$wepoch <- c(NA,NA,NA,1488323999,NA,NA,NA,NA,1488323999,1488323999,NA,NA,NA,1488323958,1488323958,1488325075,1488325075,1488325075,1488325075,NA,1488325075,1488323168,1488323168,1488323168,1488323168,1488323168,1488323168,NA,1488323268,1488323268,1488323268,1488323268,NA,1488325113,1488325113,1488325113,1488325113,1488325113,1488325113,1488325113,1488324902,1488324902,1488324902,1488324902,1488324902,1488323808,1488323808,1488323808,1488323808,1488323449,1488323449,1488323449,1488323449,NA,NA,NA,1488325283,1488325283,1488324226,1488324226,1488324226,1488324226,1488324226,1488324226,1488324226,1488322938,1488322938,1488322938,1488322938,1488322938,NA,NA,NA,NA,1488324999,1488324999,NA,1488324999,1488324999,1488324999,NA,NA,1488323700,1488323700,1488323700,NA,1488323700,1488323700,1488323700,1488323700,1488323700,1488323700,1488323700,NA,1488323700,NA,1488323545,NA,NA,NA,NA,NA,NA,NA,NA,NA,NA,1488323840,1488323840,1488324418,1488324418,1488324418,1488324418,1488324418,1488324418,1488324418,1488324418,1488324418,1488325051,1488325051,1488325051,1488325051,1488324870,1488324870,1488324730,1488324730,NA,1488324730,1488324730,1488322969,1488322969,1488322969,1488322969,1488322969,1488322969,1488324052,1488324052,NA,1488324052,NA,NA,NA,NA,NA,NA,1488324052,1488324052,1488324052,NA,NA,NA,NA,NA,NA,NA,NA,NA,NA,1488324460,1488324460,1488324460,1488322870,1488322870,1488322870,1488322870,1488322870,1488325241,1488325241,1488325241,1488325241,1488325241,1488325241,1488325241,1488323883,NA,NA,NA,NA,NA,NA,NA,1488323883,NA,1488323883,1488323883,NA,NA,1488325165,1488322910,1488322910,1488322910,1488322910,1488322910,1488322910,1488323096,1488323096,1488323096,1488323096,NA,NA,NA,NA,1488324391,1488324391,1488324391,1488323773,1488323773,1488323773,1488323773,1488323773,1488323773,1488323773,1488323773,1488323773,1488323773,1488323773,1488323738,1488323738,NA,NA,NA,NA,NA,NA,1488324928,NA,1488324928,NA,1488324928,1488324928,NA,1488323563,1488323563,1488323563,1488323563,1488323563,NA,NA,NA,NA,NA,NA,NA,NA,NA,NA,1488324309,1488324309,1488324309,1488324309,1488324309,1488324309,1488324309,1488324182,1488324182,1488324182,1488324182,1488324182,1488324182,1488323484,1488323484,1488323484,1488323484,1488323484,1488323661,1488323661,NA,1488323661,1488323661,1488323661,NA,1488323661,1488323661,1488323661,1488323661,NA,NA,1488324765,1488324765,1488324765,NA,1488324765,NA,1488324765,1488324765,NA,NA,NA,1488324765,1488324765,NA,1488324765,NA,1488322993,1488322993,1488322993,1488322993,NA,1488322993,1488322993,NA,1488323524,NA,1488323524,1488323524,1488323524,NA,1488323524,1488324594,1488324594,1488324594,1488324594,1488324594,NA,1488325186,1488325186,1488325186,1488323142,1488323142,1488323142,1488323142,1488323142,1488323142,NA,NA,1488323340,NA,1488323340,1488323340,NA,1488323340,1488323340,1488323340,1488323340,1488323340,NA,1488323340,NA,1488323340,NA,NA,NA,1488323340,NA,NA,NA,NA,NA,NA,1488324828,1488324828,1488324828,1488324828,NA,NA,NA,NA,1488324828,1488323243,1488323243,1488323243,1488323243,1488323243,1488323243,1488323243,1488323037,1488323037,1488323037,1488323037,1488323037,1488323062,1488323062,1488323062,1488323062,1488323062,1488323062,NA,NA,NA,NA,NA,NA,NA,1488324644,1488324644,1488324644,1488324644,1488324644,1488324644,1488324644,1488324644,1488323609,1488323609,1488323609,1488323609,1488324138,1488324138,1488324138,1488323305,1488323305,1488323305,1488323305,1488323305,1488323305,1488323305,NA,1488323305,NA,1488323305,1488324691,1488324691,NA,1488324691,1488324691,1488324691,1488324691,1488324345,1488324345,1488324345,1488324345,1488324345,1488324345,1488324345,1488324345,1488324345,1488324345,1488325143,1488325143,1488325143,1488325143,NA,1488324268,1488324268,1488324268,1488324268,1488324268,1488324268,1488324268,1488324531,1488324531,1488324531,1488324531,1488324531,NA,NA,NA,NA,1488323584,1488323584,1488323584,1488323201,1488323201,1488323201,1488323201,1488323201,1488323629,1488323629,1488323629,1488323629,1488323629,1488325355,NA) ;

E(g)$RxB <- c(NA,NA,NA,947087818,NA,NA,NA,NA,879375,0,NA,NA,NA,2425178945,127794785,1183393802,1279010039,0,2596967543,NA,823406690,372413570,3017,1712227570,0,12618459,122981035,NA,93622068,0,400018367,156254950,NA,477998506,1308827749,1187463142,0,617802492,2578472965,2119740355,2166673486,34877758,0,1224219392,78926741,306684546,0,302309762,197,3710364791,739477315,1335519399,26803172,NA,NA,NA,1858345779,162424400,4830626,1339824108,1953497907,1946602322,263992,2822067267,1577088647,3505677445,485809327,0,3453373679,86154639,NA,NA,NA,NA,307324,1581178518,NA,1773312476,599966486,0,NA,NA,85989749,481437565,548848659,NA,410,0,429186016,7665965521,317089194,16701312627,282605361,NA,116464472,NA,4017588533,NA,NA,NA,NA,NA,NA,NA,NA,NA,NA,2505606145,3313525,973685925,433416957,536427332,231523049,734448590,1135371723,955595599,587420819,448795361,535737315,1873310377,291919115,0,1847924600,507204994,0,1042172943,NA,658500,3705730810,0,11861,340432802,5215,1706478282,2511450702,0,578310529,NA,1397591474,NA,NA,NA,NA,NA,NA,2135084,258386568,1365510164,NA,NA,NA,NA,NA,NA,NA,NA,NA,NA,639786837,0,662195091,21118041,559273289,37228418,75343176,68655953,443647763,288995141,2080030463,51763949,362392910,33739686,0,296978180,NA,NA,NA,NA,NA,NA,NA,2954104612,NA,194260550,0,NA,NA,127971455,51262,0,1739546733,17672884,312787699,106337697,3808103,0,618932845,94992209,NA,NA,NA,NA,1171693384,0,3902791022,119164194,397726892,71037724,545335501,333228893,354786529,1014404258,952980826,257689122,1420669195,1978951398,743246826,287574124,NA,NA,NA,NA,NA,NA,132,NA,0,NA,615826498,587514579,NA,58929564,35079537,65878718,45016591,64920337,NA,NA,NA,NA,NA,NA,NA,NA,NA,NA,719583737,1899391052,4631,421152560,491980084,2667812623,0,1685953317,487004828,0,2459041101,569186348,280100547,232550664,1227793995,122939622,1441842904,679220915,1840,1075994575,NA,378979925,2332843,493090177,NA,394397746,6016831,368642535,5931139,NA,NA,793246401,30710456,635139361,NA,3163883826,NA,127,520843235,NA,NA,NA,0,2140106214,NA,321006034,NA,2261393848,125544109,64060647,0,NA,75093163,2291848946,NA,1589875,NA,74611355,616038578,346145453,NA,907590732,1701523496,1693207220,112448451,3062275372,141926307,NA,2631820650,349516109,771148337,1416065158,482205519,0,80007395,493248261,1253642204,NA,NA,2696751552,NA,0,839372666,NA,1050053265,1344994121,3907728775,1090784971,1520917798,NA,372,NA,406676266,NA,NA,NA,790593824,NA,NA,NA,NA,NA,NA,0,234399,510086892,3492521685,NA,NA,NA,NA,1062936276,1688401992,0,1459792733,1052357340,61809015,25555877,31366583,326000447,0,301903995,176271,82787085,2788603117,0,135694533,1248586614,1570050004,128056677,NA,NA,NA,NA,NA,NA,NA,2080514099,1756807527,94833784,0,544287,2715965,3107529357,1632796893,473139215,488501903,518277831,13309963,983917,2080374460,909688964,24901,460609115,52765373,444205062,447902,0,1487373105,NA,575433,NA,649022169,0,420827,NA,2004935191,1036407381,2717978195,1202957594,1571415258,2007631103,965323181,123184926,584588992,0,1270085656,1075327998,513506655,415755570,349817543,1329021135,474250897,1807523712,NA,0,9120058,10774345,11512904,7173289,3456503722,10352486,1023558386,2369876873,0,437831012,1804096127,NA,NA,NA,NA,481903756,499502255,491320881,264982454,548561,3935849639,0,2125082539,0,462370209,469626083,404,527822929,3817824089,NA) ;

E(g)$RxP <- c(NA,NA,NA,9133830,NA,NA,NA,NA,10753,0,NA,NA,NA,2714775,989044,15083445,163063827,0,18349968,NA,4384633,4104097,35,12574444,0,146327,1473929,NA,573275,0,1851402,1461785,NA,5664461,9816746,94027815,0,7047009,23755729,21402073,22763789,479219,0,24883619,913563,1651661,0,3600356,3,28408898,10061222,15508495,320126,NA,NA,NA,15446844,30825672,59594,22888664,6784535,5794843,3548,47013760,8329678,33379881,5497822,0,42749210,9197457,NA,NA,NA,NA,3283,12311244,NA,4394690,4212066,0,NA,NA,865194,2978621,2373758,NA,5,0,2954182,9447435,2082708,21120773,2449867,NA,1289501,NA,109354457,NA,NA,NA,NA,NA,NA,NA,NA,NA,NA,32064370,36511,4944276,7271398,2505380,2061262,5668201,3985710,9287646,3822173,5136872,5264672,9752155,3270314,0,6865136,2284948,0,11819428,NA,8728,17331649,0,102,9389935,66,8893156,9546848,0,3915068,NA,8901504,NA,NA,NA,NA,NA,NA,22790,1628959,13557723,NA,NA,NA,NA,NA,NA,NA,NA,NA,NA,56964573,0,7818059,224724,5087640,453924,504034,449730,4603718,3310218,4574985,591478,4828014,377110,0,1670939,NA,NA,NA,NA,NA,NA,NA,34432575,NA,2082379,0,NA,NA,8023164,560,0,2668243,191323,1032114,722315,52325,0,19382022,1284210,NA,NA,NA,NA,5877366,0,40351686,1271405,1855988,812246,7052547,3371534,2865040,9735528,11255441,3157169,5444679,63498911,6734300,3800691,NA,NA,NA,NA,NA,NA,2,NA,0,NA,69990178,44317056,NA,410943,417853,426442,380505,443260,NA,NA,NA,NA,NA,NA,NA,NA,NA,NA,2750666,4117329,56,3739716,4826414,11631017,0,9999561,5450046,0,24877909,6922155,2974896,2439291,5413630,1321880,7249094,7000122,23,4653487,NA,1685563,24540,2916004,NA,3752479,70653,4163155,76188,NA,NA,33792138,309563,4154749,NA,10097866,NA,2,25554443,NA,NA,NA,0,23773512,NA,1849557,NA,3185532,1255234,637953,0,NA,855990,3425328,NA,18621,NA,286672,8199572,4298322,NA,4990757,6911075,5583923,1142840,9983518,1277236,NA,29281770,3885726,8941789,12484213,4227040,0,953104,5757162,14847771,NA,NA,9891314,NA,0,6681814,NA,4375680,21672849,10851556,72287822,9594000,NA,6,NA,54637305,NA,NA,NA,8272939,NA,NA,NA,NA,NA,NA,0,3126,3966351,57807764,NA,NA,NA,NA,10914053,20978315,0,10445728,14206381,41323777,293495,399553,18020638,0,1405923,2076,958150,98759231,0,1622586,6767930,6216961,925115,NA,NA,NA,NA,NA,NA,NA,5721989,5684449,734747,0,5549,33208,19337664,6440440,3397861,3543830,3918328,143978,10393,56374789,23252619,259,6104353,627182,4707771,4989,0,6324725,NA,6875,NA,6075386,0,4977,NA,53867568,26405034,114617386,10502350,25632617,9108439,4685765,1393566,5884046,0,6365541,12038092,6223179,3760086,34247348,54998493,4250431,36481037,NA,0,74960,92208,145660,80995,2646478,117945,13898771,45047361,0,4592435,22686739,NA,NA,NA,NA,3302214,3427336,3571194,3049519,7327,6223177,0,5744064,0,3255222,3558059,5,3927099,14413276,NA) ;

E(g)$Rxbps <- c(NA,NA,NA,13.0,NA,NA,NA,NA,6.5,6.0,NA,NA,NA,90.0,180.0,6.5,39.0,6.0,6.5,NA,6.5,13.0,6.0,90.0,6.0,6.0,6.0,NA,120.0,6.0,54.0,27.0,NA,6.5,60.0,270.0,6.0,6.5,6.5,6.5,6.0,6.0,6.0,162.0,6.5,90.0,6.0,6.0,6.0,6.0,6.0,6.5,6.0,NA,NA,NA,13.0,240.0,6.5,240.0,121.5,243.0,6.5,90.0,90.0,6.5,6.0,6.0,120.0,243.0,NA,NA,NA,NA,6.5,30.0,NA,90.0,39.0,6.0,NA,NA,6.5,300.0,270.0,NA,6.0,6.0,180.0,120.0,300.0,81.0,90.0,NA,6.5,NA,270.0,NA,NA,NA,NA,NA,NA,NA,NA,NA,NA,19.5,6.0,120.0,180.0,30.0,13.0,6.5,243.0,27.0,27.0,15.0,39.0,39.0,6.5,6.0,7.2,6.5,6.0,6.5,NA,6.0,180.0,6.0,6.5,60.0,6.0,39.0,60.0,6.0,45.0,NA,13.0,NA,NA,NA,NA,NA,NA,6.5,270.0,30.0,NA,NA,NA,NA,NA,NA,NA,NA,NA,NA,162.0,6.0,6.0,6.5,45.0,6.5,13.0,13.0,30.0,6.5,26.0,6.5,6.5,6.5,6.0,240.0,NA,NA,NA,NA,NA,NA,NA,6.5,NA,6.5,6.0,NA,NA,54.0,6.0,6.0,240.0,6.5,13.0,13.0,6.5,6.0,27.0,6.5,NA,NA,NA,NA,180.0,6.0,180.0,6.5,243.0,6.0,6.0,15.0,40.5,15.0,6.0,6.0,180.0,13.0,13.0,6.5,NA,NA,NA,NA,NA,NA,6.0,NA,6.0,NA,180.0,90.0,NA,81.0,81.0,135.0,6.5,150.0,NA,NA,NA,NA,NA,NA,NA,NA,NA,NA,120.0,54.0,6.0,6.0,6.5,240.0,6.0,180.0,6.0,6.0,120.0,6.0,6.0,6.0,135.0,13.0,6.0,6.0,135.0,135.0,NA,270.0,6.5,45.0,NA,19.5,6.5,6.5,135.0,NA,NA,54.0,13.0,26.0,NA,162.0,NA,6.0,26.0,NA,NA,NA,6.0,90.0,NA,81.0,NA,216.0,6.5,6.5,6.0,NA,6.5,180.0,NA,6.5,NA,6.5,135.0,6.5,NA,19.5,6.0,40.5,6.0,6.0,6.0,NA,6.5,26.0,81.0,81.0,6.5,6.0,6.0,6.5,19.5,NA,NA,90.0,NA,6.0,60.0,NA,26.0,19.5,162.0,240.0,120.0,NA,6.0,NA,108.0,NA,NA,NA,30.0,NA,NA,NA,NA,NA,NA,6.0,6.0,6.5,90.0,NA,NA,NA,NA,30.0,6.5,6.0,30.0,6.0,26.0,6.0,6.0,240.0,6.0,120.0,6.0,6.5,108.0,6.0,6.5,120.0,39.0,6.5,NA,NA,NA,NA,NA,NA,NA,243.0,81.0,13.0,6.0,6.5,6.5,180.0,81.0,270.0,135.0,270.0,6.5,6.5,54.0,120.0,6.0,26.0,6.0,6.0,6.0,6.0,108.0,NA,6.0,NA,27.0,6.0,6.0,NA,30.0,120.0,243.0,30.0,120.0,270.0,30.0,13.5,6.5,6.0,108.0,54.0,6.5,27.0,40.5,19.5,6.5,81.0,NA,6.0,6.5,13.0,6.5,6.5,120.0,6.5,6.5,26.0,6.0,6.5,6.5,NA,NA,NA,NA,270.0,270.0,150.0,6.5,6.0,120.0,6.0,26.0,300.0,300.0,135.0,300.0,300.0,240.0,NA) ;

E(g)$TxB <- c(NA,NA,NA,77352701,NA,NA,NA,NA,60807,0,NA,NA,NA,385574748,173885037,82564385,1820846695,0,2176662089,NA,1885055795,16995626,0,2136757409,0,21688,0,NA,116092189,0,130677906,21898525,NA,9069009,879749871,440609278,0,421415,476024457,353901248,43648,512,0,4191968550,77071,112967932,0,2145,143,1179295949,11765,216935644,114085,NA,NA,NA,357831124,892015338,40603,355243717,1064438992,1274083391,2145,4143191497,1076106268,339882478,3654,0,457131214,3282217195,NA,NA,NA,NA,7263,356017034,NA,2224353251,163898694,0,NA,NA,7104186,83591864,147485170,NA,0,0,58769421,3652491341,138498262,3170945776,76944056,NA,108050,NA,400696553,NA,NA,NA,NA,NA,NA,NA,NA,NA,NA,3739742978,606932,859527350,1569868680,293840672,24545026,342730689,914389774,957189186,1509144779,8860799,19308019,1203642071,14935768,0,1390498821,16323372,0,33028036,NA,0,1984009985,0,1191,1186560815,0,1208179076,1300818355,0,208776334,NA,373785569,NA,NA,NA,NA,NA,NA,42531,2171155996,483584619,NA,NA,NA,NA,NA,NA,NA,NA,NA,NA,3555520463,0,14125,16500,458549086,320932,4866397,29853046,27490450,1391981,732644330,792831,773504,2701607,0,350118011,NA,NA,NA,NA,NA,NA,NA,57194439,NA,82891327,0,NA,NA,2662194957,0,0,240913280,2656,60170956,3594030,27078,0,2329974186,145524,NA,NA,NA,NA,1186390209,0,541268073,13186754,498997895,695,2641,39894373,233284377,368289080,10564,4865,729660127,28409060,836641816,9683727,NA,NA,NA,NA,NA,NA,0,NA,0,NA,2958743831,3404770513,NA,21585247,1409,24105491,55322396,21771421,NA,NA,NA,NA,NA,NA,NA,NA,NA,NA,55094254,280571488,0,6943,1915045,1870140183,0,553389848,8704,0,757269596,10880,5504,11913624,1795208697,2776144,1449925069,86018986,0,219185064,NA,177893805,180957,122093797,NA,19485122,845549,3248,0,NA,NA,1268721596,8834972,490296855,NA,3430976811,NA,0,1945530802,NA,NA,NA,0,2422066903,NA,1564940637,NA,127637564,12740165,2371418,0,NA,11486733,1617148941,NA,3722,NA,18133849,22251075,9503784,NA,120567881,355760709,476376184,84631,1823096517,5715,NA,73580628,88248645,3117948399,730498339,12062,0,1612,44318,128795529,NA,NA,861817231,NA,0,157785869,NA,1827978807,1799870127,3835165827,414588603,911276073,NA,0,NA,1643846681,NA,NA,NA,142580968,NA,NA,NA,NA,NA,NA,0,1292,1769166391,1757628382,NA,NA,NA,NA,250653126,1503299,0,322676469,11125,2500876580,1540,250,2935401147,0,174084957,0,807764,2556377835,0,76528,3656817897,1524029336,5736838,NA,NA,NA,NA,NA,NA,NA,1311477403,872092161,4080431,0,6079,30287,2279597740,832246022,185422302,254328554,206440009,40801,11266,665283844,1238222631,0,10118,2012,5203,0,0,682721453,NA,0,NA,75781586,0,605,NA,3745000277,181851848,424920735,438698591,4281643255,1539802224,362046278,16719692,105486304,0,858336851,458413785,13585116,448804602,3861496035,1109472547,140976957,2349941743,NA,0,508111,1461739,471099,76837,294776001,160202,18401,2214706038,0,8788288,10361927,NA,NA,NA,NA,208299251,216929191,260193053,573052,0,916608999,0,259919814,0,197394024,228733296,0,223538495,973366837,NA) ;

E(g)$TxP <- c(NA,NA,NA,97161,NA,NA,NA,NA,200,0,NA,NA,NA,1230459,127675,94942,207390480,0,6983124,NA,2258368,22840,0,5136351,0,404,0,NA,85573,0,280003,33669,NA,19359,735190,64560961,0,5742,896725,356110,341,4,0,12092009,608,115499,0,15,1,2553828,106,591250,1466,NA,NA,NA,957883,1552897,277,22212565,1654101,1332683,27,18841923,1032917,488487,29,0,4466828,3943927,NA,NA,NA,NA,73,393056,NA,1964495,164279,0,NA,NA,8170,173474,251830,NA,0,0,125379,6348697,140778,4756857,84203,NA,503,NA,2189565,NA,NA,NA,NA,NA,NA,NA,NA,NA,NA,30107878,4120,866601,3458522,316158,28059,316106,850193,919937,1167515,25394,43122,3155454,20628,0,3775486,65632,0,72448,NA,0,2511207,0,13,2848067,0,4785932,7790910,0,197640,NA,1034026,NA,NA,NA,NA,NA,NA,267,2007328,436720,NA,NA,NA,NA,NA,NA,NA,NA,NA,NA,27459808,0,113,137,2161183,1116,14550,115547,35141,4645,989892,1813,3521,3014,0,262515,NA,NA,NA,NA,NA,NA,NA,116354,NA,63261,0,NA,NA,28791144,0,0,950215,29,139939,14406,246,0,11340393,815,NA,NA,NA,NA,1377462,0,24247616,14591,445351,5,19,38858,228957,477062,76,35,869850,65174,848584,15459,NA,NA,NA,NA,NA,NA,0,NA,0,NA,31836803,38508244,NA,35031,17,38385,85163,36663,NA,NA,NA,NA,NA,NA,NA,NA,NA,NA,149912,753312,0,53,7752,4997224,0,789614,68,0,14804465,85,43,13867,1725630,7180,1317019,104486,0,469658,NA,176767,243,202286,NA,43615,752,28,0,NA,NA,31631747,17483,3646498,NA,6618796,NA,0,38555734,NA,NA,NA,0,21940527,NA,1272347,NA,132929,13707,3903,0,NA,9635,2785888,NA,40,NA,87300,174897,20895,NA,433621,680970,766052,739,2284808,45,NA,110213,82213,6989508,1020593,108,0,13,513,177844,NA,NA,1387141,NA,0,174298,NA,2291072,19907308,4206857,88930811,974287,NA,0,NA,74211215,NA,NA,NA,151869,NA,NA,NA,NA,NA,NA,0,16,1595410,82306462,NA,NA,NA,NA,275555,17414,0,462111,89,7665107,21,2,10380026,0,170274,0,1502,47814934,0,1139,3202114,5297317,12772,NA,NA,NA,NA,NA,NA,NA,1699381,1072884,13552,0,38,56,2106776,945832,188585,282900,208822,355,86,53075307,36353338,0,109,23,43,0,0,761060,NA,0,NA,109781,0,12,NA,56170726,14476387,73937130,422507,16166145,1741469,382657,14712,100046,0,793413,543015,27664,350638,11150200,18524267,454976,20549792,NA,0,795,1569,746,240,1816206,277,159,12699142,0,74003,82675,NA,NA,NA,NA,203530,210493,294078,1340,0,2730078,0,913147,0,190545,273230,0,213632,4264204,NA) ;

E(g)$TxReTx <- c(NA,NA,NA,83033,NA,NA,NA,NA,842,0,NA,NA,NA,785769,3058,82553,28518100,0,2453488,NA,1707636,23883,0,1093690,0,1986,0,NA,8639,0,59808,13404,NA,51165,58711,7473229,0,22887,333589,151220,0,0,0,2454282,1451,44061,0,0,0,1701162,1030,434714,4709,NA,NA,NA,779776,90918,1252,197317,217995,74543,175,9167862,66091,260466,0,0,235241,426194,NA,NA,NA,NA,394,73701,NA,248082,62539,0,NA,NA,13589,24567,16654,NA,0,0,27480,2097289,7532,1428401,13049,NA,1978,NA,293564,NA,NA,NA,NA,NA,NA,NA,NA,NA,NA,15483704,4529,69315,790259,39853,16520,97359,34581,151752,160343,49063,50636,849550,16251,0,2391957,54645,0,98419,NA,0,223698,0,77,668933,0,1703987,1564852,0,67925,NA,825321,NA,NA,NA,NA,NA,NA,873,169299,48503,NA,NA,NA,NA,NA,NA,NA,NA,NA,NA,3365646,0,0,236,1258898,2583,13719,55629,29699,16039,392809,4498,12059,1662,0,14055,NA,NA,NA,NA,NA,NA,NA,255931,NA,15039,0,NA,NA,10988763,0,0,310911,131,50230,14290,414,0,7490595,3926,NA,NA,NA,NA,159336,0,5385749,7479,51065,0,0,30594,39005,176073,0,0,210330,77011,145335,23333,NA,NA,NA,NA,NA,NA,0,NA,0,NA,6345516,2070672,NA,3085,81,2780,52116,3412,NA,NA,NA,NA,NA,NA,NA,NA,NA,NA,58263,293814,0,0,22788,912163,0,139459,0,0,6513938,0,0,18395,168885,7876,59663,38444,0,44444,NA,19620,186,40847,NA,38114,368,0,0,NA,NA,19805090,7916,1069871,NA,773036,NA,0,8686925,NA,NA,NA,0,3636048,NA,210701,NA,15795,7425,5256,0,NA,5923,468424,NA,156,NA,24790,15701,28994,NA,127021,280703,277679,3729,171842,0,NA,205417,60685,1411505,674194,209,0,0,2440,85568,NA,NA,104542,NA,0,70854,NA,589764,3343137,273275,11581773,112232,NA,0,NA,4033849,NA,NA,NA,53423,NA,NA,NA,NA,NA,NA,0,107,662181,6852035,NA,NA,NA,NA,116090,69769,0,168959,0,3191124,136,0,1089471,0,8854,0,3022,5957529,0,5141,426062,1386619,21984,NA,NA,NA,NA,NA,NA,NA,148909,144046,12335,0,39,168,53281,94513,17884,27207,16523,942,78,5385875,2459767,0,460,96,0,0,0,49051,NA,0,NA,56992,0,56,NA,21977012,1345199,11866255,67637,4200067,51152,34944,9524,54595,0,62530,78946,59288,57395,2290355,6782655,195619,4410316,NA,0,1533,1158,1260,876,809473,838,244,12574586,0,207670,246722,NA,NA,NA,NA,17984,17099,27335,4237,0,605432,0,494968,0,19256,33294,0,16872,1382550,NA) ;

E(g)$TxFail <- c(NA,NA,NA,344,NA,NA,NA,NA,161,0,NA,NA,NA,37,27,290,490,0,345,NA,3634,150,0,134,0,198,0,NA,20,0,27,22,NA,4365,118,79,0,3189,832,294,341,4,0,268,44,57,0,15,1,10293,105,3768,151,NA,NA,NA,7492,117,151,316,6,8,19,644,49,479,29,0,604,223,NA,NA,NA,NA,46,196,NA,22,95,0,NA,NA,17,12,16,NA,0,0,9,39,12,7,5,NA,200,NA,367,NA,NA,NA,NA,NA,NA,NA,NA,NA,NA,68,157,31,235,36,75,41,30,199,50,4645,130,267,46,0,50,422,0,5383,NA,0,293,0,10,70,0,160,80,0,104,NA,408,NA,NA,NA,NA,NA,NA,51,25,157,NA,NA,NA,NA,NA,NA,NA,NA,NA,NA,465,0,113,20,730,245,307,82,709,1336,493,250,1145,80,0,39,NA,NA,NA,NA,NA,NA,NA,14972,NA,37,0,NA,NA,485,0,0,629,19,48,1272,35,0,19161,414,NA,NA,NA,NA,92,0,98,26,45,5,19,316,29,231,76,35,158,911,321,447,NA,NA,NA,NA,NA,NA,0,NA,0,NA,296,423,NA,19,16,18,178,19,NA,NA,NA,NA,NA,NA,NA,NA,NA,NA,199,78,0,53,2512,59,0,122,68,0,154,85,43,691,60,131,12,2,0,51,NA,44,2,64,NA,25,1,28,0,NA,NA,1247,3,325,NA,79,NA,0,201,NA,NA,NA,0,113,NA,59,NA,13,22,306,0,NA,18,14,NA,17,NA,57,3,362,NA,1203,159,270,502,50,0,NA,7645,76,47,934,108,0,13,470,801,NA,NA,105,NA,0,54,NA,666,85,62,38,61,NA,0,NA,182,NA,NA,NA,48,NA,NA,NA,NA,NA,NA,0,14,112,168,NA,NA,NA,NA,142,9870,0,182,89,523,21,2,16,0,27,0,69,337,0,690,50,126,396,NA,NA,NA,NA,NA,NA,NA,115,137,151,0,0,17,139,93,27,32,48,93,1,459,135,0,102,23,43,0,0,70,NA,0,NA,60,0,5,NA,66264,1444,3573,338,542,44,34,66,41,0,44,51,5280,23,85,60,153,516,NA,0,62,4,16,87,7,78,154,188033,0,35295,34192,NA,NA,NA,NA,22,41,43,394,0,108,0,282,0,32,31,0,35,128,NA) ;

E(g)$Txbps <- c(NA,NA,NA,13.0,NA,NA,NA,NA,6.5,6.0,NA,NA,NA,81.0,180.0,13.0,216.0,6.0,26.0,NA,39.0,6.5,6.0,60.0,6.0,6.5,6.0,NA,180.0,6.0,60.0,30.0,NA,6.5,180.0,240.0,6.0,6.5,39.0,6.5,6.0,6.0,6.0,86.7,6.5,78.0,6.0,6.0,6.0,81.0,162.0,6.5,6.5,NA,NA,NA,6.5,180.0,6.5,270.0,108.0,240.0,6.5,40.5,81.0,7.2,6.0,6.0,120.0,162.0,NA,NA,NA,NA,6.5,27.0,NA,120.0,40.5,6.0,NA,NA,6.5,270.0,270.0,NA,6.0,6.0,120.0,90.0,270.0,60.0,81.0,NA,6.5,NA,135.0,NA,NA,NA,NA,NA,NA,NA,NA,NA,NA,19.5,6.5,108.0,162.0,60.0,13.0,13.0,270.0,54.0,40.5,13.0,26.0,52.0,13.0,6.0,28.9,6.5,6.0,6.5,NA,6.0,180.0,6.0,6.5,120.0,6.0,39.0,108.0,6.0,40.5,NA,81.0,NA,NA,NA,NA,NA,NA,6.5,270.0,30.0,NA,NA,NA,NA,NA,NA,NA,NA,NA,NA,90.0,6.0,6.0,6.5,45.0,6.5,30.0,13.0,15.0,6.5,52.0,6.5,6.5,6.5,6.0,300.0,NA,NA,NA,NA,NA,NA,NA,6.5,NA,26.0,6.0,NA,NA,54.0,6.0,6.0,108.0,6.5,6.5,6.5,6.5,6.0,30.0,6.5,NA,NA,NA,NA,162.0,6.0,54.0,6.5,270.0,6.0,6.0,30.0,45.0,19.5,6.0,6.0,120.0,52.0,19.5,30.0,NA,NA,NA,NA,NA,NA,6.0,NA,6.0,NA,120.0,120.0,NA,135.0,6.5,150.0,6.5,240.0,NA,NA,NA,NA,NA,NA,NA,NA,NA,NA,60.0,27.0,6.0,6.0,6.5,270.0,6.0,90.0,6.0,6.0,19.5,6.0,6.0,6.5,90.0,6.5,81.0,6.5,6.0,150.0,NA,300.0,27.0,60.0,NA,6.5,6.5,6.0,6.0,NA,NA,120.0,13.0,54.0,NA,120.0,NA,6.0,120.0,NA,NA,NA,6.0,180.0,NA,117.0,NA,180.0,6.5,6.5,6.0,NA,13.0,120.0,NA,6.5,NA,6.5,240.0,6.5,NA,13.0,45.0,45.0,6.5,162.0,6.0,NA,6.5,26.0,90.0,40.5,6.5,6.0,6.0,6.5,6.5,NA,NA,120.0,NA,6.0,45.0,NA,26.0,120.0,243.0,270.0,120.0,NA,6.0,NA,162.0,NA,NA,NA,26.0,NA,NA,NA,NA,NA,NA,6.0,6.5,26.0,120.0,NA,NA,NA,NA,45.0,6.5,6.0,27.0,6.0,6.5,6.5,6.0,108.0,6.0,120.0,6.0,6.5,90.0,6.0,6.5,90.0,6.5,6.5,NA,NA,NA,NA,NA,NA,NA,240.0,162.0,108.0,6.0,6.5,270.0,270.0,90.0,270.0,150.0,270.0,6.5,6.5,180.0,180.0,6.0,6.5,45.0,6.0,6.0,6.0,120.0,NA,6.0,NA,15.0,6.0,57.8,NA,30.0,180.0,39.0,30.0,120.0,243.0,30.0,13.0,13.0,6.0,121.5,120.0,6.5,52.0,40.5,19.5,13.0,90.0,NA,6.0,6.5,15.0,6.5,6.5,90.0,6.5,6.5,6.5,6.0,6.5,6.5,NA,NA,NA,NA,270.0,270.0,150.0,6.5,6.0,120.0,6.0,6.5,6.0,243.0,90.0,6.0,270.0,135.0,NA) ;

E(g)$power <- c(NA,NA,NA,-78,NA,NA,NA,NA,-80,0,NA,NA,NA,-75,-66,-82,-64,0,-79,NA,-80,-81,-88,-69,0,-90,-86,NA,-66,0,-68,-75,NA,-87,-76,-61,0,-87,-81,-83,-86,-88,0,-69,-89,-77,0,-88,-88,-82,-87,-85,-88,NA,NA,NA,-80,-62,-80,-60,-62,-51,-82,-71,-61,-82,-89,0,-68,-66,NA,NA,NA,NA,-81,-66,NA,-64,-78,0,NA,NA,-85,-54,-53,NA,-91,0,-63,-66,-45,-75,-72,NA,-83,NA,-55,NA,NA,NA,NA,NA,NA,NA,NA,NA,NA,-71,-81,-64,-65,-63,-80,-85,-53,-82,-81,-78,-77,-72,-84,0,-84,-85,0,-78,NA,-86,-71,0,-85,-71,-85,-71,-70,0,-74,NA,-77,NA,NA,NA,NA,NA,NA,-83,-58,-66,NA,NA,NA,NA,NA,NA,NA,NA,NA,NA,-70,0,-86,-86,-78,-86,-84,-85,-83,-85,-77,-88,-85,-79,0,-57,NA,NA,NA,NA,NA,NA,NA,-76,NA,-82,0,NA,NA,-78,-81,0,-66,-81,-79,-78,-83,0,-83,-82,NA,NA,NA,NA,-68,0,-69,-82,-55,-88,-88,-83,-72,-83,-87,-85,-69,-72,-86,-89,NA,NA,NA,NA,NA,NA,-88,NA,0,NA,-64,-70,NA,-78,-89,-63,-88,-67,NA,NA,NA,NA,NA,NA,NA,NA,NA,NA,-71,-72,-92,-82,-77,-55,0,-64,-83,0,-66,-85,-85,-88,-72,-84,-73,-85,-90,-69,NA,-48,-89,-81,NA,-81,-84,-87,-89,NA,NA,-72,-78,-75,NA,-66,NA,-76,-73,NA,NA,NA,0,-69,NA,-70,NA,-65,-84,-77,0,NA,-87,-69,NA,-91,NA,-88,-52,-85,NA,-82,-74,-81,-84,-47,-79,NA,-74,-78,-68,-78,-80,0,-85,-87,-79,NA,NA,-65,NA,0,-78,NA,-77,-78,-67,-68,-69,NA,-80,NA,-69,NA,NA,NA,-79,NA,NA,NA,NA,NA,NA,0,-82,-79,-52,NA,NA,NA,NA,-74,-87,0,-70,-85,-71,-88,-89,-67,0,-71,-89,-88,-53,0,-88,-71,-76,-85,NA,NA,NA,NA,NA,NA,NA,-62,-70,-81,0,-88,-88,-53,-65,-59,-63,-48,-90,-83,-77,-70,-90,-86,-87,-86,-88,0,-70,NA,-83,NA,-82,0,-86,NA,-81,-60,-60,-76,-66,-48,-65,-85,-88,0,-64,-77,-81,-82,-76,-74,-82,-68,NA,0,-78,-76,-82,-82,-69,-80,-82,-76,0,-84,-83,NA,NA,NA,NA,-50,-59,-66,-83,-88,-71,0,-76,0,-58,-71,-89,-57,-70,NA) ;

E(g)$powerav <- c(NA,NA,NA,-74,NA,NA,NA,NA,-80,0,NA,NA,NA,-73,-66,-79,-60,0,-78,NA,-79,-80,-88,-66,0,-88,-86,NA,-67,0,-70,-74,NA,-86,-75,-60,0,-86,-80,-83,-86,-87,0,-67,-88,-77,0,-87,-86,-82,-86,-85,-88,NA,NA,NA,-80,-62,-81,-58,-62,-52,-81,-69,-61,-82,-88,0,-68,-63,NA,NA,NA,NA,-81,-66,NA,-64,-76,0,NA,NA,-85,-53,-53,NA,-89,0,-61,-68,-43,-75,-72,NA,-83,NA,-54,NA,NA,NA,NA,NA,NA,NA,NA,NA,NA,-70,-81,-64,-63,-63,-80,-85,-53,-78,-81,-78,-77,-72,-84,0,-83,-86,0,-78,NA,-85,-71,0,-85,-70,-84,-71,-68,0,-75,NA,-77,NA,NA,NA,NA,NA,NA,-81,-59,-66,NA,NA,NA,NA,NA,NA,NA,NA,NA,NA,-67,0,-84,-86,-77,-85,-84,-83,-82,-84,-77,-88,-84,-78,0,-57,NA,NA,NA,NA,NA,NA,NA,-76,NA,-79,0,NA,NA,-77,-81,0,-62,-79,-77,-76,-82,0,-82,-81,NA,NA,NA,NA,-68,0,-72,-82,-54,-88,-88,-82,-72,-82,-86,-84,-70,-71,-85,-89,NA,NA,NA,NA,NA,NA,-88,NA,0,NA,-66,-69,NA,-77,-88,-64,-88,-64,NA,NA,NA,NA,NA,NA,NA,NA,NA,NA,-71,-72,-89,-80,-78,-53,0,-64,-82,0,-65,-85,-83,-88,-68,-84,-71,-85,-90,-70,NA,-50,-88,-80,NA,-80,-83,-87,-88,NA,NA,-75,-78,-76,NA,-66,NA,-76,-74,NA,NA,NA,0,-67,NA,-70,NA,-64,-83,-78,0,NA,-85,-68,NA,-89,NA,-88,-53,-85,NA,-79,-73,-80,-82,-48,-79,NA,-74,-75,-69,-76,-80,0,-84,-87,-79,NA,NA,-64,NA,0,-76,NA,-77,-77,-68,-66,-69,NA,-81,NA,-67,NA,NA,NA,-78,NA,NA,NA,NA,NA,NA,0,-80,-78,-53,NA,NA,NA,NA,-74,-86,0,-70,-85,-71,-88,-88,-66,0,-71,-89,-87,-53,0,-87,-71,-76,-85,NA,NA,NA,NA,NA,NA,NA,-61,-69,-80,0,-88,-88,-53,-65,-60,-62,-46,-89,-83,-77,-68,-89,-83,-88,-85,-87,0,-69,NA,-81,NA,-82,0,-87,NA,-80,-59,-57,-76,-65,-48,-65,-85,-86,0,-64,-76,-81,-81,-75,-73,-83,-68,NA,0,-77,-76,-81,-80,-68,-80,-80,-74,0,-86,-83,NA,NA,NA,NA,-48,-59,-65,-83,-88,-71,0,-78,0,-59,-71,-88,-55,-67,NA) ;

V(g)$label <- c("GSgV-rb-fc89","GS-CanVies-b840","GS-RamblaBadal140-NS-11ce","GS26gener10-8710","GSAvMadrid5-nb-9a57","GSAvMadrid5-ns-7369","GSCallao3-d141","GSCerdanyola9-f705","GSConselldeCent12-a1ef","GSEuropa16-5279","GSJBusquets24-50b4","GSRajolers10-6e45","GSTriado51-68b9","GSgV-nb-207c","GSgV-ns-a1a5","GSgranVia255-db37","GSmVictoria-992f","GSmVictoria-RK8da9","UPC-CN-C6-E104-Alix","UPC-CN-C6-E104-TL-WR841N-8a29","UPC-CN-C6-E206-Alix","UPC-CN-C6-E208-356c","UPC-CN-C6-E208-4964","UPC-CN-C6-E208-9d04","UPC-CN-C6-Terrat-Alix-e81c","UPC-CN-C6-Terrat-Rocket-bcee","UPC-CN-D6-116-4a5c","UPC-CN-Omega-cf70","UPC-CN-Vertex-Pangea-NS-1193","UPC-EETAC-d9f3","UPC-ETSEIB-NS-7094","UPClab104-tun-c632","Aitor","B2BJAVI73","BCN-GS-CanBruixa20-NSM5-e48b","BCN-GS-CanBruixa20-RKM5-7bbd","BCN-GS-CanBruixaRd6-2803","BCN-GS-JpTarradellas40-6a5f","BCN-GS-Salou2bis-3a56","BCN-Sagunt66-8971","BCNGranVia146Rd1-75a1","BCNJocsFlorals109-fe4c","BCNJocsFlorals148-6a1b","BCNJocsFloralsXXXRd1-6a8a","BCNMelciorPalau62-6a4c","BCNNogueraPallaresa15-ac8f","BCNNovell47-39be","BCNRobrenyo44-4658","BCNSagunt62-1667","BCNSantBaltassar25-7fe6","BCNSantaCatalina59Rd2-f500","BCNSantaCatalina59Rd3-805c","BCNSants186Rd1-993d","BCNSants186Rd2-996c","BCNSocors2-389c","BCNValladolid22-d906","BCNevaristoarnus5Rd4-988e","BCNevaristoarnus5Rd5-02b4","BCNevaristoarnus5Rd9-c239","BCNfeliucasanova24Rd1-e2d5","BCNmasnou24Rd1-d594","BCNmasnou24Rd2-8416","BCNpisuerga17Rd1","CSmng26--3707","HWBellchite-da28","HWCtraCollblanc157-0758","HWCtraCollblanc157-Rd2-ee8a","qMp-9600","qMpJ2G2p","qMp_j2g2") ;

V(g)$tepoch <- c(1488322818,1488322853,1488322894,1488322927,1488322950,1488322982,1488323021,1488323049,1488323078,1488323121,1488323153,1488323178,1488323216,1488323259,1488323281,1488323317,1488323374,1488323473,1488323499,1488323538,1488323551,1488323575,1488323597,1488323620,1488323641,1488323682,1488323729,1488323748,1488323791,1488323824,1488323865,1488323921,1488323933,1488323945,1488323974,1488324023,1488324078,1488324129,1488324165,1488324200,1488324242,1488324293,1488324330,1488324377,1488324383,1488324401,1488324450,1488324470,1488324553,1488324623,1488324676,1488324711,1488324742,1488324800,1488324853,1488324879,1488324911,1488324951,1488324980,1488325039,1488325065,1488325090,1488325127,1488325130,1488325157,1488325175,1488325209,1488325273,1488325293,1488325346) ;

V(g)$gw <- c(58,25,25,58,58,25,58,25,58,58,58,26,26,26,25,58,NA,NA,25,25,26,25,26,25,NA,NA,25,25,25,58,26,NA,NA,58,58,58,58,58,26,58,25,26,25,NA,58,58,58,26,58,NA,25,25,58,58,58,58,58,NA,58,58,58,58,NA,26,26,25,26,64,64,64) ;

V(g)$gwbw <- c(30.76,0.80,4.27,28.76,27.49,11.07,31.77,9.74,2.21,2.05,17.62,1.70,1.05,45.18,47.76,61.18,NA,NA,89.06,NA,3.05,1.56,1.74,1.58,NA,NA,14.07,7.63,14.07,38.13,8.67,NA,NA,3.13,86.44,86.62,48.39,28.86,0.35,1.18,2.49,0.68,3.70,NA,7.32,5.79,23.67,0.50,1.02,NA,5.29,1.74,24.80,51.48,5.97,4.20,90.14,NA,89.43,12.45,40.22,39.82,NA,3.81,8.10,1.72,2.43,13.56,NA,NA) ;

V(g)$gwrtt <- c(7.131,22.603,36.211,3.256,2.608,19.040,5.078,21.347,135.603,7.568,6.296,27.605,19.190,4.159,4.686,4.937,NA,NA,0.576,6.477,3.459,3.962,4.477,4.673,NA,NA,5.319,1.308,1.249,5.371,17.379,NA,NA,16.550,2.294,2.175,2.989,1.937,19.405,53.542,13.019,16.314,16.912,NA,4.055,24.874,2.505,486.056,36.885,NA,37.764,26.502,4.218,3.603,6.608,8.355,0.602,NA,0.607,34.713,3.727,5.357,NA,36.152,7.608,20.698,15.487,3.222,NA,3.264) ;

V(g)$bw <- c(5.48,1.07,2.71,6.98,6.74,13.26,17.08,10.35,1.49,1.06,6.28,0.24,0.05,0.84,46.55,7.01,NA,6.29,92.52,NA,3.03,1.68,1.45,1.50,86.32,7.44,10.48,11.94,14.19,6.90,1.05,NA,NA,2.51,6.70,6.70,4.81,6.48,0.10,0.35,2.70,0.12,5.62,NA,5.70,3.10,6.46,0.02,NA,NA,5.93,2.04,6.25,4.82,3.55,4.66,6.41,7.07,3.04,5.90,6.93,6.45,NA,18.39,0.63,0.96,0.11,8.52,NA,NA) ;

V(g)$rtt <- c(54.673,20.295,50.663,75.921,75.820,39.931,9.331,57.875,466.818,53.844,79.402,24.058,36.208,37.374,32.846,52.243,NA,51.604,0.921,34.146,29.143,26.566,29.123,21.892,2.901,2.663,29.485,15.320,36.245,53.408,35.557,NA,NA,59.716,52.033,76.938,51.252,236.236,28.689,57.175,19.656,54.518,NA,NA,54.192,80.164,50.591,73.432,70.810,NA,116.997,30.533,51.405,51.549,58.386,58.140,70.118,48.823,49.806,54.934,71.101,68.972,NA,25.946,26.126,55.354,45.187,60.713,NA,30.195) ;

V(g)$gwmetric <- c(709e6,43671e3,43505e3,55329e3,54525e3,53477e3,54596e3,53108e3,26779e3,32736e3,37388e3,34828e3,34897e3,664e6,684e6,999e6,NA,NA,999e6,54026e3,51854e3,29048e3,31641e3,34749e3,NA,NA,55913e3,55413e3,51149e3,999e6,576e6,NA,NA,35242e3,999e6,100e6,999e6,55913e3,39180e3,43933e3,44535e3,35346e3,47736e3,NA,38405e3,50010e3,52401e3,12376e3,30372e3,NA,37257e3,34603e3,999e6,999e6,32300e3,30707e3,999e6,NA,999e6,33729e3,54525e3,53279e3,NA,51436e3,50614e3,47185e3,44018e3,38362e3,46325e3,35086e3) ;

V(g)$x <- c(13760.8212538534,13234.8794397503,12941.9350440315,13821.121099364,12274.609785326,12274.609785326,13978.6028304187,12997.5966052333,14037.6946450266,12836.4099712549,12252.6362296299,13236.0671785566,13973.6359257553,13760.8212538534,13760.8212538534,13929.5515508305,13524.2908806063,13524.2908806063,11446.7850262249,NA,NA,11443.074049279,11443.074049279,11443.074049279,11456.704334988,11456.704334988,11426.3979896208,11524.2649091033,11548.5492887642,726.991520302487,11628.554047071,11452.5563431615,NA,NA,13019.0969464693,13019.0969464693,13019.0969464693,13936.5208000417,13557.3928311219,13281.886384098,13444.9332154721,13332.1268762739,13342.1131625542,NA,13183.4858034059,13416.099750814,13114.7015739906,13557.9791631238,13276.0113102701,13221.8601321359,13325.6771057631,13325.6771057631,13021.0959136475,13021.0959136475,12957.023227369,13411.2845347776,13051.8084562896,13051.8084562896,13051.8084562896,12866.1198430847,13710.5905056811,13710.5905056811,NA,NA,10588.7467811899,11197.3309994455,11197.3309994455,NA,NA,0) ;

V(g)$y <- c(10229.7453309391,10835.3950854922,10788.3166406238,10745.1809924226,11063.62582424,11063.62582424,11002.3842475284,11177.4173668418,11012.048832397,12265.9357873285,10388.9229153898,11230.7707411898,11214.8939771112,10229.7453309391,10229.7453309391,10450.9713754784,10707.5996933645,10707.5996933645,12584.2580572544,NA,NA,12556.6486721598,12556.6486721598,12556.6486721598,12589.3751057796,12589.3751057796,12585.7991808224,12490.9743684325,12666.1591645917,0,12047.8399060341,12584.4210489085,NA,NA,11904.4674126273,11904.4674126273,11904.4674126273,11870.3752500014,11004.3937822618,10585.846379092,9885.63830824662,10620.0096906042,10509.2217358705,NA,11417.2758923126,10556.0065297484,11864.7598559875,11685.9064403316,10583.8175829984,10602.0122791203,11485.4072812879,11485.4072812879,11001.8611910474,11001.8611910474,11151.2870941814,11239.7934445431,11772.2326872768,11772.2326872768,11772.2326872768,10901.952999929,11035.8492552219,11035.8492552219,NA,NA,10805.5815479886,10985.9337855838,10985.9337855838,NA,NA,607.33613998536) ;

V(g)$uid <- c(37,87,52,98,84,51,92,101,50,111,103,107,134,40,39,36,33,32,69,110,85,66,65,64,56,208,62,80,60,58,57,53,123,121,83,82,109,72,81,45,210,49,216,NA,137,71,76,79,46,44,78,94,129,130,215,136,108,211,133,48,30,214,NA,122,74,73,117,125,127,132) ;

# bidir = 191
# unidir = 34

g$rt <- matrix(byrow=TRUE,nrow=70, ncol=70, data=c(NA,16,16,16,16,16,16,16,16,16,16,16,16,14,15,16,16,16,19,19,19,19,19,19,25,26,19,25,25,16,16,32,16,16,16,16,16,16,16,16,16,16,16,16,16,16,16,16,16,16,16,16,16,16,16,16,16,16,16,26,16,16,26,16,26,26,26,16,16,16,53,NA,53,53,53,53,53,53,53,53,53,53,53,53,53,53,53,53,53,53,53,53,53,53,53,53,53,53,53,53,53,53,53,53,53,53,53,53,53,53,53,53,53,53,53,46,53,53,46,46,53,53,53,53,53,53,53,53,53,53,53,53,53,53,53,53,53,53,53,53,53,53,NA,53,53,53,53,53,53,53,53,53,53,53,53,53,53,53,53,53,53,53,53,53,53,53,53,53,53,53,53,53,53,53,53,53,53,53,53,53,53,53,53,53,53,53,53,53,53,53,53,53,53,53,53,53,53,53,53,53,53,53,53,53,53,53,53,53,53,53,16,16,16,NA,16,16,7,16,16,16,16,16,62,16,16,16,16,16,16,16,16,16,16,16,16,16,16,16,16,16,16,16,16,16,16,16,16,16,16,16,16,16,16,16,16,16,16,62,16,16,62,62,16,16,16,62,16,16,16,16,62,62,16,16,16,16,16,16,16,16,6,6,14,14,NA,6,14,6,6,6,11,6,6,6,6,6,6,14,6,14,14,14,14,14,6,6,14,14,14,6,6,6,6,6,6,6,6,6,6,6,6,6,6,6,6,6,6,6,6,6,6,6,6,6,6,14,6,6,6,60,6,6,14,6,14,14,14,6,6,6,59,59,59,59,5,NA,59,59,59,36,5,59,59,59,59,59,36,59,5,59,59,5,5,5,5,59,59,28,59,59,59,59,59,59,59,36,59,59,59,59,59,59,59,59,59,59,59,59,59,59,59,59,59,59,59,59,59,59,59,5,59,59,59,59,59,59,59,59,59,59,16,16,16,4,16,16,NA,16,16,16,16,16,16,16,16,16,16,16,16,16,16,16,16,16,16,16,16,16,16,16,16,16,16,16,16,16,16,16,16,16,16,16,16,16,16,16,16,16,16,16,16,16,16,16,16,16,16,16,16,16,16,16,16,16,16,16,16,16,16,16,54,54,54,54,54,54,54,NA,54,54,54,12,54,54,54,54,54,54,54,54,54,54,54,54,54,54,54,54,54,54,54,54,54,54,54,54,54,54,54,54,54,54,54,54,54,54,54,54,54,54,54,54,54,54,55,54,54,54,54,54,54,54,54,54,54,54,54,54,54,54,51,51,51,51,51,51,51,51,NA,51,51,51,51,51,51,51,17,51,51,51,51,51,51,51,51,51,51,51,51,51,51,51,51,51,51,51,51,51,51,51,51,51,51,51,51,51,51,51,51,51,51,51,51,51,51,51,51,51,51,51,51,51,51,51,51,51,51,51,51,51,36,36,36,36,36,36,36,36,36,NA,36,36,36,36,36,36,36,36,36,36,36,36,36,36,36,36,36,36,36,36,36,36,36,36,36,36,36,36,36,36,36,36,36,36,36,36,36,36,36,36,36,36,36,36,36,36,36,36,36,36,36,36,36,36,36,36,36,36,36,36,5,5,5,5,5,5,5,5,5,5,NA,5,5,5,5,5,5,5,5,5,5,5,5,5,5,5,5,5,5,5,5,5,5,5,5,5,5,5,5,5,5,5,5,5,5,5,5,5,5,5,5,5,5,5,5,5,5,5,5,5,5,5,5,5,5,5,5,5,5,5,8,8,8,8,8,8,8,8,8,8,8,NA,8,8,8,8,8,8,8,8,8,8,8,8,8,8,8,8,8,8,8,8,8,8,8,8,8,8,8,8,8,8,8,8,8,8,8,8,8,8,8,8,8,8,8,8,8,8,8,8,8,8,8,8,8,8,8,8,8,8,61,61,61,61,61,61,61,61,51,61,61,61,NA,61,61,61,51,61,61,61,61,61,61,61,61,61,61,61,61,61,61,61,61,61,61,61,61,51,61,61,61,61,61,61,51,61,61,61,61,61,51,51,61,61,61,51,61,61,61,61,61,61,61,61,61,61,61,61,61,61,1,1,1,1,5,1,1,1,1,1,5,1,1,NA,15,1,1,1,1,1,1,1,1,1,1,1,1,1,1,1,1,1,1,1,1,1,1,1,1,1,1,1,1,1,1,1,1,1,1,1,1,1,1,1,1,1,1,1,1,5,1,1,1,1,1,1,1,1,1,1,1,1,1,1,1,1,1,1,1,1,1,1,1,14,NA,1,1,18,1,1,1,1,1,1,1,1,1,1,1,1,1,1,1,1,1,1,1,1,1,1,1,1,1,1,1,1,1,1,1,1,1,1,1,1,1,1,1,1,1,1,1,1,1,1,1,1,1,1,1,1,1,53,53,4,59,59,7,54,62,36,59,54,62,1,1,NA,62,18,1,1,1,1,1,1,1,1,1,1,1,30,31,1,30,30,35,36,37,57,39,53,53,53,53,53,57,53,57,62,53,53,62,62,53,54,54,62,57,58,59,59,62,62,1,30,1,1,1,30,30,30,9,9,9,9,9,9,9,9,9,9,9,9,9,9,9,9,NA,9,9,9,9,9,9,9,9,9,9,9,9,9,9,9,9,9,9,9,9,9,9,9,9,9,9,9,9,9,9,9,9,9,9,9,9,9,9,9,9,9,9,9,9,9,9,9,9,9,9,9,9,9,16,16,16,16,16,16,16,16,62,16,16,16,62,16,16,16,62,NA,16,16,16,16,16,16,16,16,16,16,16,16,16,16,16,16,16,16,16,16,16,16,16,16,16,16,16,16,16,62,16,16,62,62,16,16,16,62,16,16,16,16,62,62,16,16,16,16,16,16,16,16,1,1,1,1,1,1,1,1,1,1,1,1,1,1,1,1,1,1,NA,20,21,21,21,21,25,26,27,26,25,1,1,32,1,1,1,1,1,1,1,1,1,1,1,1,1,1,1,1,1,1,1,1,1,1,1,1,1,1,1,1,1,1,26,1,26,26,26,1,1,1,19,19,19,19,19,19,19,19,19,19,19,19,19,19,19,19,19,19,19,NA,19,19,19,19,19,19,19,19,19,19,19,19,19,19,19,19,19,19,19,19,19,19,19,19,19,19,19,19,19,19,19,19,19,19,19,19,19,19,19,19,19,19,19,19,19,19,19,19,19,19,19,19,19,19,19,19,19,19,19,19,19,19,19,19,19,19,19,19,19,19,NA,22,23,24,19,19,19,19,19,19,19,19,19,19,19,19,19,19,19,19,19,19,19,19,19,19,19,19,19,19,19,19,19,19,19,19,19,19,19,19,19,19,19,19,19,19,19,19,19,19,21,21,21,21,21,21,21,21,21,21,21,21,21,21,21,21,21,21,21,21,21,NA,23,24,21,21,21,21,21,21,21,21,21,21,21,21,21,21,21,21,21,21,21,21,21,21,21,21,21,21,21,21,21,21,21,21,21,21,21,21,21,21,21,21,21,21,21,21,21,21,21,21,21,21,21,21,21,21,21,21,21,21,21,21,21,21,21,21,21,21,21,22,NA,24,21,21,21,21,21,21,21,21,21,21,21,21,21,21,21,21,21,21,21,21,21,21,21,21,21,21,21,21,21,21,21,21,21,21,21,21,21,21,21,21,21,21,21,21,21,21,21,21,21,21,21,21,21,21,21,21,21,21,21,21,21,21,21,21,21,21,21,22,23,NA,21,21,21,21,21,21,21,21,21,21,21,21,21,21,21,21,21,21,21,21,21,21,21,21,21,21,21,21,21,21,21,21,21,21,21,21,21,21,21,21,21,21,21,21,21,21,1,1,1,1,1,1,1,1,1,1,1,1,1,1,1,1,1,1,19,19,19,19,19,19,NA,26,19,26,29,1,1,32,1,1,1,1,1,1,1,1,1,1,1,1,1,1,1,1,1,1,1,1,1,1,1,1,1,1,1,26,1,1,26,1,26,26,26,1,1,1,1,1,1,1,1,1,1,1,1,1,1,1,1,1,1,1,1,1,19,19,19,19,19,19,25,NA,19,28,25,1,1,32,1,1,1,1,1,1,1,1,1,1,1,1,1,1,1,1,1,1,1,1,1,1,1,1,1,1,1,1,1,1,66,1,65,66,66,1,1,1,19,19,19,19,19,19,19,19,19,19,19,19,19,19,19,19,19,19,19,19,19,19,19,19,19,19,NA,19,19,19,19,19,19,19,19,19,19,19,19,19,19,19,19,19,19,19,19,19,19,19,19,19,19,19,19,19,19,19,19,19,19,19,19,19,19,19,19,19,19,19,25,25,25,25,6,6,25,25,16,16,6,25,25,25,25,25,16,25,25,25,25,25,25,25,25,25,25,NA,25,25,25,25,25,25,25,25,25,25,25,25,25,25,25,25,16,25,25,25,25,16,25,25,25,25,25,25,25,25,25,6,25,25,67,25,25,67,67,25,25,16,25,25,25,25,25,25,25,25,25,25,25,25,25,25,25,25,25,25,25,25,25,25,25,25,25,25,25,25,NA,25,25,25,25,25,25,25,25,25,25,25,25,25,25,25,25,25,25,25,25,25,25,25,25,25,25,25,25,25,25,25,25,25,25,25,25,25,25,25,25,25,16,53,53,16,59,59,16,54,16,36,59,54,16,16,16,16,16,16,16,16,16,16,16,16,16,16,16,16,16,NA,31,16,64,64,35,36,37,57,16,53,53,53,53,53,57,53,57,16,53,53,16,16,53,54,54,16,57,58,59,59,16,16,16,64,16,16,16,64,64,64,16,53,53,16,59,59,16,54,16,36,59,54,16,16,16,16,16,16,16,16,16,16,16,16,16,16,16,16,16,30,NA,16,30,30,35,36,37,57,16,53,53,53,53,53,57,53,57,16,53,53,16,16,53,54,54,16,57,58,59,59,16,16,16,30,16,16,16,30,30,30,1,1,1,1,1,1,1,1,1,1,1,1,1,1,1,1,1,1,19,19,19,19,19,19,25,26,19,25,25,1,1,NA,1,1,1,1,1,1,1,1,1,1,1,1,1,1,1,1,1,1,1,1,1,1,1,1,1,1,1,1,1,1,26,1,26,26,26,1,1,1,NA,NA,NA,NA,NA,NA,NA,NA,NA,NA,NA,NA,NA,NA,NA,NA,NA,NA,NA,NA,NA,NA,NA,NA,NA,NA,NA,NA,NA,NA,NA,NA,NA,NA,NA,NA,NA,NA,NA,NA,NA,NA,NA,NA,NA,NA,NA,NA,NA,NA,NA,NA,NA,NA,NA,NA,NA,NA,NA,NA,NA,NA,NA,NA,NA,NA,NA,NA,NA,NA,64,64,64,64,64,64,64,64,64,64,64,64,64,64,64,64,64,64,64,64,64,64,64,64,64,64,64,64,64,64,64,64,64,NA,64,64,64,64,64,64,64,64,64,64,64,64,64,64,64,64,64,64,64,64,64,64,64,64,64,64,64,64,64,64,64,64,64,68,64,64,16,53,53,16,59,59,16,54,16,36,59,54,16,16,16,16,16,16,16,16,16,16,16,16,16,16,16,16,16,30,31,16,30,30,NA,36,37,57,16,53,53,53,53,53,57,53,57,16,53,53,16,16,53,54,54,16,57,58,59,36,16,16,16,30,16,16,16,30,30,30,16,53,53,16,6,6,16,54,16,10,6,54,16,16,16,16,16,16,16,16,16,16,16,16,16,16,16,16,16,30,31,16,30,30,35,NA,37,57,16,53,53,53,53,53,57,53,57,16,53,53,16,16,53,54,54,16,57,58,59,6,16,16,16,30,16,16,16,30,30,30,16,53,53,16,36,36,16,54,16,36,36,54,16,16,16,16,16,16,16,16,16,16,16,16,16,16,16,16,16,30,31,16,30,30,35,36,NA,57,16,53,53,53,53,53,57,53,57,16,53,53,16,16,53,54,54,16,57,58,59,36,16,16,16,30,16,16,16,30,30,30,57,57,57,57,57,57,57,57,45,57,57,57,45,57,57,57,45,57,57,57,57,57,57,57,57,57,57,57,57,57,57,57,57,57,57,57,57,NA,57,57,57,57,57,57,45,57,57,57,57,57,45,45,57,57,57,45,57,57,57,57,57,57,57,57,57,57,57,57,57,57,16,16,62,16,16,16,16,16,62,16,62,16,62,16,16,16,62,62,16,16,16,16,16,16,16,16,16,16,16,16,16,16,62,16,16,16,16,16,NA,16,16,16,16,62,62,16,16,62,16,62,62,62,16,16,16,62,62,16,16,62,62,62,16,16,16,16,16,16,16,16,53,46,53,53,53,53,53,53,53,53,53,53,53,53,53,53,53,53,53,53,53,53,53,53,53,53,53,53,53,53,53,53,53,53,53,53,53,53,53,NA,53,42,43,43,53,46,53,53,50,50,53,53,53,53,53,53,53,53,53,53,53,53,53,53,53,53,53,53,53,53,53,53,53,53,53,53,53,53,53,53,53,53,53,53,53,53,53,53,53,53,53,53,53,53,53,53,53,53,53,53,53,53,53,53,53,53,53,53,53,53,NA,53,53,53,53,53,53,53,53,53,53,53,53,53,53,53,53,53,53,53,53,53,53,53,53,53,53,53,53,53,40,40,40,40,40,40,40,40,40,40,40,40,40,40,40,40,40,40,40,40,40,40,40,40,40,40,40,40,40,40,40,40,40,40,40,40,40,40,40,40,40,NA,40,40,40,40,40,40,40,40,40,40,40,40,40,40,40,40,40,40,40,40,40,40,40,40,40,40,40,40,53,46,53,53,53,53,53,53,53,53,53,53,53,53,53,53,53,53,53,53,53,53,53,53,53,53,53,53,53,53,53,53,53,53,53,53,53,53,53,40,53,42,NA,NA,53,46,53,53,49,50,53,53,53,53,53,53,53,53,53,53,53,53,53,53,53,53,53,53,53,53,NA,NA,NA,NA,NA,NA,NA,NA,NA,NA,NA,NA,NA,NA,NA,NA,NA,NA,NA,NA,NA,NA,NA,NA,NA,NA,NA,NA,NA,NA,NA,NA,NA,NA,NA,NA,NA,NA,NA,NA,NA,NA,NA,NA,NA,NA,NA,NA,NA,NA,NA,NA,NA,NA,NA,NA,NA,NA,NA,NA,NA,NA,NA,NA,NA,NA,NA,NA,NA,NA,38,38,38,38,38,38,38,38,52,38,38,38,52,38,38,38,52,38,38,38,38,38,38,38,38,38,38,38,38,38,38,38,38,38,38,38,38,38,52,38,38,38,38,38,NA,38,38,52,38,38,52,52,38,38,38,52,38,38,38,38,52,52,38,38,38,38,38,38,38,38,53,2,53,53,53,53,53,53,53,53,53,53,53,53,53,53,53,53,53,53,53,53,53,53,53,53,53,53,53,53,53,53,53,53,53,53,53,53,53,40,53,42,43,43,53,NA,53,53,49,50,53,53,53,53,53,53,53,53,53,53,53,53,53,53,53,53,53,53,53,53,57,57,57,57,57,57,57,57,57,57,57,57,57,57,57,57,57,57,57,57,57,57,57,57,57,57,57,57,57,57,57,57,57,57,57,57,57,57,57,57,57,57,57,57,57,57,NA,57,57,57,57,57,57,57,57,57,57,57,57,57,57,57,57,57,57,57,57,57,57,57,61,61,61,61,61,61,61,61,61,61,61,61,61,61,61,61,61,61,61,61,61,61,61,61,61,61,61,61,61,61,61,61,61,61,61,61,61,61,61,61,61,61,61,61,61,61,61,NA,61,61,61,61,61,61,61,61,61,61,61,61,61,61,61,61,61,61,61,61,61,61,50,50,50,50,50,50,50,50,50,50,50,50,50,50,50,50,50,50,50,50,50,50,50,50,50,50,50,50,50,50,50,50,50,50,50,50,50,50,50,50,50,50,50,50,50,50,50,50,NA,50,50,50,50,50,50,50,50,50,50,50,50,50,50,50,50,50,50,50,50,50,43,46,46,43,46,43,43,46,43,43,46,43,43,43,43,43,43,46,43,43,43,43,43,46,46,43,43,43,43,46,43,43,46,43,43,46,43,43,46,40,43,40,43,43,46,46,46,46,49,NA,46,46,46,46,43,43,46,43,46,43,43,46,43,43,46,43,43,43,43,46,61,61,61,61,61,61,61,61,9,61,61,61,13,61,61,61,9,61,61,61,61,61,61,61,61,61,61,61,61,61,61,61,61,61,61,61,61,52,61,61,61,61,61,61,52,61,61,61,61,61,NA,52,61,61,61,56,61,61,61,61,61,61,61,61,61,61,61,61,61,61,51,51,51,51,51,51,51,51,51,51,51,51,51,51,51,51,51,51,51,51,51,51,51,51,51,51,51,51,51,51,51,51,51,51,51,51,51,45,51,51,51,51,51,51,45,51,51,51,51,51,51,NA,51,51,51,51,51,51,51,51,51,51,51,51,51,51,51,51,51,51,16,2,3,16,36,36,16,54,16,36,36,54,16,16,16,16,16,16,16,16,16,16,16,16,16,16,16,16,16,30,31,16,30,30,35,36,37,57,16,40,41,40,43,43,57,46,57,16,46,43,16,16,NA,54,54,16,57,58,59,36,16,16,16,30,16,16,16,30,30,30,16,53,53,16,59,59,16,8,16,36,59,8,16,16,16,16,16,16,16,16,16,16,16,16,16,16,16,16,16,30,31,16,30,30,35,36,37,57,16,53,53,53,53,53,57,53,57,16,53,53,16,16,53,NA,8,16,57,58,59,59,16,16,16,30,16,16,16,30,30,30,8,8,8,8,8,8,8,8,8,8,8,8,8,8,8,8,8,8,8,8,8,8,8,8,8,8,8,8,8,8,8,8,8,8,8,8,8,8,8,8,8,8,8,8,8,8,8,8,8,8,8,8,8,8,NA,8,8,8,8,8,8,8,8,8,8,8,8,8,8,8,51,51,51,51,51,51,51,51,51,51,51,51,51,51,51,51,51,51,51,51,51,51,51,51,51,51,51,51,51,51,51,51,51,51,51,51,51,51,51,51,51,51,51,51,51,51,51,51,51,51,51,51,51,51,51,NA,51,51,51,51,51,51,51,51,51,51,51,51,51,51,16,53,53,16,36,36,16,54,16,36,36,54,16,16,16,16,16,16,16,16,16,16,16,16,16,16,16,16,16,30,31,16,30,30,35,36,37,38,16,53,53,53,53,53,38,53,47,16,53,53,16,16,53,54,54,16,NA,58,59,36,16,16,16,30,16,16,16,30,30,30,16,53,53,16,59,59,16,54,16,36,59,54,16,16,16,16,16,16,16,16,16,16,16,16,16,16,16,16,16,30,31,16,30,30,35,36,37,57,16,53,53,53,53,53,57,53,57,16,53,53,16,16,53,54,54,16,57,NA,59,59,16,16,16,30,16,16,16,30,30,30,16,53,53,16,36,36,16,54,16,36,6,54,16,16,16,16,16,16,16,16,16,16,16,16,16,16,16,16,16,30,31,16,30,30,35,36,37,57,16,53,53,53,53,53,57,53,57,16,53,53,16,16,53,54,54,16,57,58,NA,36,16,16,16,30,16,16,16,30,30,30,5,5,5,5,5,5,5,5,5,5,5,5,5,5,5,5,5,5,5,5,5,5,5,5,5,5,5,5,5,5,5,5,5,5,5,5,5,5,5,5,5,5,5,5,5,5,5,5,5,5,5,5,5,5,5,5,5,5,5,NA,5,5,5,5,5,5,5,5,5,5,62,62,62,62,62,62,62,62,51,62,62,62,13,62,62,62,51,62,62,62,62,62,62,62,62,62,62,62,62,62,62,62,62,62,62,62,62,62,62,62,62,62,62,62,51,62,62,48,62,62,51,51,62,62,62,51,62,62,62,62,NA,62,62,62,62,62,62,62,62,62,16,16,16,4,16,16,16,16,61,16,16,16,61,16,16,16,61,18,16,16,16,16,16,16,16,16,16,16,16,16,16,16,16,16,16,16,16,16,39,16,16,16,16,16,61,16,16,61,16,16,61,61,16,16,16,61,16,16,16,16,61,NA,16,16,16,16,16,16,16,16,NA,NA,NA,NA,NA,NA,NA,NA,NA,NA,NA,NA,NA,NA,NA,NA,NA,NA,NA,NA,NA,NA,NA,NA,NA,NA,NA,NA,NA,NA,NA,NA,NA,NA,NA,NA,NA,NA,NA,NA,NA,NA,NA,NA,NA,NA,NA,NA,NA,NA,NA,NA,NA,NA,NA,NA,NA,NA,NA,NA,NA,NA,NA,NA,NA,NA,NA,NA,NA,NA,30,30,30,30,30,30,30,30,30,30,30,30,30,30,30,30,30,30,30,30,30,30,30,30,30,30,30,30,30,30,30,30,33,34,30,30,30,30,30,30,30,30,30,30,30,30,30,30,30,30,30,30,30,30,30,30,30,30,30,30,30,30,30,NA,30,30,30,68,69,33,26,26,26,26,26,26,26,26,26,26,26,26,26,26,26,26,26,26,26,26,26,26,26,26,26,26,26,26,26,26,26,26,26,26,26,26,26,26,26,26,26,26,26,26,26,26,26,26,26,26,26,26,26,26,26,26,26,26,26,26,26,26,26,26,NA,26,26,26,26,26,67,67,26,26,67,67,26,67,67,67,67,67,67,67,67,67,67,67,67,26,67,26,26,26,67,67,67,67,26,26,67,67,67,67,67,67,67,67,67,67,67,67,67,67,67,67,67,67,67,67,67,67,67,26,67,67,67,67,67,67,67,67,NA,67,67,NA,67,67,67,67,16,16,16,16,6,6,16,16,16,16,6,16,16,16,16,16,16,16,16,16,16,16,16,16,16,16,16,28,16,16,16,16,16,16,16,16,16,16,16,16,16,16,16,16,16,16,16,16,16,16,16,16,16,16,16,16,16,16,16,6,16,16,66,16,16,66,NA,16,16,16,64,64,64,64,64,64,64,64,64,64,64,64,64,64,64,64,64,64,64,64,64,64,64,64,64,64,64,64,64,64,64,64,64,34,64,64,64,64,64,64,64,64,64,64,64,64,64,64,64,64,64,64,64,64,64,64,64,64,64,64,64,64,64,64,64,64,64,NA,64,64,64,64,64,64,64,64,64,64,64,64,64,64,64,64,64,64,64,64,64,64,64,64,64,64,64,64,64,64,64,64,64,64,33,64,64,64,64,64,64,64,64,64,64,64,64,64,64,64,64,64,64,64,64,64,64,64,64,64,64,64,64,64,64,64,64,64,64,64,NA,70,69,69,69,69,69,69,69,69,69,69,69,69,69,69,69,69,69,69,69,69,69,69,69,69,69,69,69,69,69,69,69,69,33,69,69,69,69,69,69,69,69,69,69,69,69,69,69,69,69,69,69,69,69,69,69,69,69,69,69,69,69,69,69,69,69,69,69,69,69,NA))
